 19.2 19.7 20.5 20.7 20.7 20.8 20.9 20.7 20.8 21.2 21.0 20.3 20.0 20.6 21.0 20.9
 21.1 21.9 21.8 20.8 20.1 20.1 20.2 20.0 19.7 19.6 19.6 19.8 20.0 20.2 20.9 21.5
 21.2 20.6 20.6 20.2 20.1 20.0 20.7 21.8 22.4 22.7 23.1 24.0 24.5 24.3 24.5 25.2
 26.1 26.5 26.7 27.5 28.4 29.1 29.9 30.8 31.5 32.4 33.6 34.6 35.7 37.4 38.4 38.9
 39.8 40.8 41.6 43.6 46.4 49.5 51.2 52.1 53.1 54.0 56.0 58.6 58.4 57.7 60.2 67.2
 76.6 83.5 90.2101.0118.2141.0170.0207.7268.8365.4417.8357.6266.4197.0152.7125.1
108.7 98.2 88.4 81.3 75.0 68.3 63.0 59.9 57.0 53.7 50.1 47.0 45.2 44.0 42.4 41.4
 40.8 40.7 41.4 41.7 40.9 39.4 37.8 35.8 34.2 33.4 32.6 31.8 31.3 30.1 28.8 28.4
 28.4 28.2 27.6 26.7 26.3 27.2 28.7 30.4 31.6 31.7 31.3 31.5 32.3 32.7 32.5 31.8
 31.1 30.9 30.5 29.3 27.9 27.6 28.2 29.0 30.0 30.4 29.9 30.0 31.5 33.2 34.2 34.5
 34.9 35.1 34.6 34.2 34.2 33.9 32.2 28.2 23.4 20.7 20.5 21.0 21.1 20.5 19.8 19.7
 19.4 19.0 18.9 19.7 19.2 19.7 20.5 20.7 20.8 21.0 21.3 21.1 20.8 20.9 20.8 20.4
 20.2 20.5 20.9 21.0 21.2 21.8 21.3 20.3 19.9 20.2 20.1 19.5 19.1 18.8 18.8 18.9
 19.1 19.6 19.9 19.7 19.3 19.2 19.4 19.1 18.8 18.7 19.6 20.5 20.9 21.5 22.1 23.4
 24.3 23.8 23.6 24.8 26.1 27.0 27.6 28.3 28.7 28.9 30.3 30.8 30.8 31.6 32.7 33.7
 34.3 34.1 33.9 34.6 36.8 39.2 39.9 40.3 41.8 44.0 46.4 48.0 49.9 53.1 56.2 57.7
 58.1 58.6 59.0 62.1 70.0 81.9 94.0108.4127.2147.7171.7202.1262.1374.1439.9363.3
264.2196.4151.1121.5102.3 91.2 83.1 76.1 69.8 64.3 60.9 59.3 57.6 55.2 52.4 49.7
 47.6 46.7 46.5 46.9 46.7 45.6 44.6 43.9 42.4 39.9 36.9 34.7 34.2 34.3 33.7 32.5
 31.0 30.2 29.8 29.8 29.7 29.6 30.0 30.7 30.9 31.7 33.0 33.8 33.6 33.0 32.8 34.2
 36.4 36.3 35.2 33.7 32.6 31.6 30.6 30.0 30.2 31.7 32.5 31.9 31.4 31.5 31.9 32.8
 34.0 35.3 36.4 37.3 37.4 36.7 35.9 34.9 33.6 32.9 30.7 26.1 22.0 20.6 20.7 21.1
 21.4 20.8 20.1 19.8 19.5 19.0 18.9 19.7 19.2 19.7 20.6 20.8 20.9 21.1 21.7 21.4
 20.7 20.7 20.6 20.6 20.4 20.5 21.0 21.2 21.2 21.6 21.1 20.0 19.8 20.2 20.0 19.1
 18.5 18.2 18.0 17.7 17.1 17.3 18.0 18.8 18.9 18.4 18.0 18.5 19.1 18.6 18.6 19.5
 20.6 21.8 22.3 22.9 24.1 24.7 25.1 25.6 26.6 27.5 27.9 28.1 28.3 28.1 28.5 29.2
 29.3 29.6 29.4 29.9 29.8 30.2 31.5 32.6 33.8 36.1 37.9 39.0 41.2 44.6 46.0 45.7
 46.7 49.2 50.6 51.1 52.6 54.0 54.8 56.0 59.6 69.0 81.6 98.9124.4150.3170.2188.7
230.3319.8386.6333.7237.7168.6131.4115.3106.1 98.2 91.0 83.7 77.6 74.3 70.4 65.7
 62.4 59.8 56.8 53.3 50.2 48.2 46.9 45.2 42.8 40.4 37.7 36.3 36.3 36.4 36.6 36.4
 35.5 34.2 33.4 33.2 33.6 34.5 35.9 37.3 36.3 33.2 32.4 33.6 35.3 35.9 35.1 34.3
 34.6 35.5 36.4 37.1 37.0 36.1 35.6 35.6 34.9 33.6 32.9 33.2 34.1 34.5 34.2 33.8
 33.7 34.5 35.8 36.8 37.6 38.5 38.9 38.9 38.3 36.4 34.4 32.7 31.7 31.1 28.4 24.0
 21.2 20.6 20.7 21.0 21.6 21.1 20.3 19.9 19.5 19.1 19.0 19.7 19.2 19.9 20.9 21.3
 21.5 21.3 21.1 20.8 20.4 20.5 20.1 19.9 20.2 20.7 21.3 21.6 21.2 21.2 21.2 20.7
 20.6 21.1 20.8 19.3 18.3 17.8 17.5 17.2 16.5 16.2 17.0 18.4 19.2 18.7 17.4 17.4
 18.1 18.3 19.1 20.5 21.7 22.6 23.3 24.1 25.3 26.3 27.4 27.7 27.7 28.1 28.3 27.9
 27.3 27.9 28.9 28.9 28.1 27.0 27.2 28.4 29.1 28.7 28.8 29.5 29.8 30.3 31.9 34.1
 36.5 38.8 40.1 40.9 42.6 45.4 48.0 49.0 50.9 54.0 57.5 61.5 63.3 64.9 71.4 80.8
 89.3 99.2118.0153.5218.1318.6364.5310.4234.7178.1140.2119.6109.9103.2 97.0 89.7
 82.1 77.7 75.6 72.5 67.5 61.6 56.0 52.3 49.8 48.0 46.6 45.5 44.1 43.4 44.1 44.3
 43.4 42.4 41.6 40.1 37.4 35.8 35.3 34.9 34.7 34.7 35.3 35.4 34.8 34.6 35.2 35.6
 36.1 37.9 40.8 42.0 40.6 38.6 37.4 36.7 36.6 37.4 37.6 37.1 36.0 35.3 35.4 35.7
 35.8 36.1 36.9 37.2 37.2 37.2 38.2 39.3 40.6 41.4 40.1 37.1 34.2 31.9 30.1 29.4
 29.1 26.5 23.0 20.9 20.2 20.4 21.2 22.3 22.5 22.0 20.8 20.0 19.6 19.3 19.4 20.3
 19.2 19.9 20.9 21.3 21.6 21.4 21.1 20.8 20.6 20.6 20.1 19.8 20.1 20.7 21.3 21.6
 21.3 20.8 20.7 20.4 20.3 20.8 20.7 19.5 18.4 17.5 16.7 16.4 16.0 15.6 16.2 17.6
 17.9 17.6 17.3 17.0 17.7 18.9 20.2 21.6 22.6 22.7 23.1 23.3 23.9 24.9 25.5 25.9
 27.0 28.8 29.9 28.3 26.8 27.0 27.4 26.9 26.2 25.5 25.5 26.2 26.9 27.6 27.6 27.6
 27.9 28.2 29.2 31.1 32.8 33.7 34.6 36.0 38.1 39.4 40.1 41.4 44.1 48.5 54.6 60.9
 66.6 73.0 78.6 83.0 91.6107.2124.8150.4204.0295.3345.6301.7239.1188.9159.3145.2
133.9122.5113.5106.6 97.8 89.9 84.1 77.3 69.0 61.4 56.2 53.4 52.8 55.6 55.0 47.6
 44.0 42.8 42.3 42.4 43.8 47.3 49.1 47.4 45.0 43.3 42.0 41.4 41.1 40.9 41.3 42.0
 42.9 43.7 42.7 41.9 42.9 43.8 42.8 40.7 39.2 38.7 38.8 39.7 40.8 40.7 38.9 36.7
 35.8 35.9 36.0 36.1 37.0 38.6 39.5 39.5 39.4 39.0 38.9 39.0 39.0 38.5 36.4 33.0
 30.9 30.1 29.2 28.5 26.9 24.0 21.8 20.8 20.3 20.2 21.3 22.7 22.6 22.0 20.8 20.0
 19.8 19.5 19.4 20.4 19.2 19.9 20.9 21.3 21.7 21.6 21.3 21.0 20.7 20.7 20.1 19.8
 20.2 20.8 21.3 21.7 21.3 20.8 20.7 20.5 20.8 21.5 21.5 20.4 19.4 18.8 17.7 16.7
 15.9 15.4 15.9 16.9 17.3 17.6 18.0 17.5 18.0 19.0 19.9 21.0 21.8 22.4 23.5 24.3
 24.0 24.6 25.2 25.3 25.9 27.6 28.8 28.0 26.6 25.5 25.1 25.2 24.8 24.1 24.0 24.3
 25.3 26.0 26.0 26.0 26.3 27.2 28.1 29.6 31.8 33.9 35.4 37.0 38.9 39.9 41.8 45.9
 50.3 53.9 57.7 62.3 68.4 75.5 82.5 88.2 93.4103.8123.2154.3207.2303.6365.6294.4
207.0164.5142.5129.1118.1108.4102.3 97.5 92.1 85.1 79.6 75.1 69.1 62.7 57.5 53.4
 49.3 46.1 44.8 44.7 45.1 45.6 45.8 47.0 50.4 52.9 57.0 61.4 54.0 49.8 49.9 50.9
 52.2 51.5 49.1 47.3 46.8 46.4 45.7 45.1 44.9 45.4 45.1 44.2 42.7 40.8 39.5 39.2
 38.8 38.9 38.8 39.2 40.0 40.9 41.3 41.4 41.5 41.3 40.3 38.8 37.4 36.5 35.8 35.1
 33.9 32.9 31.7 30.3 29.5 29.0 28.0 26.3 24.1 22.2 21.4 21.1 20.5 20.2 21.0 22.3
 22.3 21.9 20.8 20.0 20.0 19.6 19.5 20.5 19.2 19.9 20.9 21.3 21.8 21.9 21.7 21.3
 20.9 20.6 20.1 19.9 20.2 20.6 21.1 21.3 21.1 20.9 20.7 20.6 21.1 21.4 20.9 20.0
 19.7 19.7 19.2 18.3 17.2 16.6 17.0 17.6 17.3 17.1 18.2 18.6 18.9 19.7 20.8 22.0
 22.7 23.3 23.1 22.8 23.0 24.0 24.6 24.2 24.4 25.7 26.6 26.7 26.7 26.3 26.0 25.5
 25.6 25.5 25.2 26.0 26.5 26.6 26.9 27.1 27.5 28.3 29.1 29.6 30.4 32.0 34.6 37.9
 40.7 43.6 47.8 53.2 56.2 56.1 57.2 59.9 65.3 73.2 81.3 91.2103.6117.3136.4168.4
214.9275.5311.1260.7197.3171.5153.8134.7118.3106.9101.1 98.7 97.1 91.0 83.7 77.1
 71.9 67.5 65.2 64.8 65.0 65.1 64.0 62.7 62.3 61.2 59.1 58.5 61.2 64.1 61.7 55.4
 51.5 49.9 47.7 46.2 46.0 46.6 47.0 48.2 51.0 52.8 52.1 50.4 48.9 47.4 45.9 44.6
 43.5 43.3 43.4 43.8 44.1 44.0 43.5 43.0 43.0 43.4 42.7 40.9 39.3 37.8 36.4 35.3
 34.9 34.9 34.6 33.4 32.1 31.4 31.1 30.0 28.3 26.6 25.4 24.2 22.7 21.7 21.4 21.2
 20.9 20.4 20.6 21.3 21.7 21.7 20.7 20.2 20.2 19.7 19.6 20.6 19.2 19.9 20.9 21.3
 21.8 22.3 22.3 21.7 21.2 20.7 20.2 20.1 20.3 20.4 20.7 20.8 20.8 21.0 20.9 20.4
 19.8 19.8 19.9 19.8 19.6 20.0 20.5 20.6 19.9 18.9 18.5 18.4 17.6 16.6 17.1 18.3
 18.6 18.9 19.8 21.0 22.0 23.2 23.6 23.6 24.1 24.5 24.9 25.7 26.0 25.6 25.0 24.9
 25.5 26.1 26.0 25.5 25.8 26.5 26.9 27.4 28.1 28.8 28.5 27.7 27.6 28.6 29.2 30.2
 32.3 34.8 36.3 37.3 39.3 43.3 46.5 47.4 45.5 44.7 48.0 54.7 63.5 72.9 82.2 93.0
104.8118.3134.3155.6187.9244.6290.2252.3187.1146.1128.0121.5114.5105.6 95.4 83.2
 72.3 67.9 65.6 63.7 65.6 71.9 79.6 84.2 85.1 83.4 80.9 78.8 77.1 75.0 72.3 69.4
 67.3 68.6 70.7 68.3 62.8 57.6 55.1 54.8 55.4 56.5 57.5 57.7 56.8 54.2 50.9 48.5
 47.0 46.9 47.4 48.0 49.0 49.5 48.8 46.8 44.7 43.7 42.9 41.4 40.1 39.7 39.7 39.4
 38.5 37.3 36.5 35.8 34.9 34.0 33.5 32.4 30.8 29.7 29.1 27.8 25.7 23.9 23.1 22.8
 22.2 21.8 21.5 21.5 21.2 20.7 20.4 20.5 21.0 21.4 20.7 20.3 20.3 19.8 19.7 20.7
 19.2 19.9 20.9 21.3 21.9 22.7 23.1 22.3 21.5 21.0 20.5 20.3 20.6 20.7 20.9 20.8
 21.0 21.4 21.6 21.1 20.4 20.5 20.7 20.5 19.9 20.2 21.0 21.6 21.8 21.6 21.7 21.1
 20.3 19.3 18.2 18.6 19.2 19.4 20.9 22.7 23.5 24.3 24.1 24.1 24.5 24.7 25.1 25.7
 26.7 27.6 28.3 28.4 28.1 27.9 27.9 28.3 28.0 27.5 27.6 28.3 29.3 29.5 29.4 28.7
 27.8 27.4 27.4 27.7 28.7 30.3 31.4 32.2 33.5 36.0 39.4 42.6 45.6 47.9 51.0 57.1
 64.9 72.5 79.7 89.7102.5112.0116.3126.2156.8223.0266.2225.1168.8135.8116.6103.3
 94.0 88.1 82.6 75.9 69.5 64.3 61.5 60.5 59.3 57.5 55.3 54.6 55.4 56.1 57.0 57.7
 57.9 57.3 55.6 54.1 53.2 52.2 51.1 49.6 48.0 47.5 47.7 48.1 48.4 48.5 48.2 47.0
 45.5 44.3 43.5 43.0 43.3 44.4 44.7 44.5 44.8 45.3 45.0 43.5 41.1 39.0 38.1 37.9
 37.4 36.2 35.4 35.0 34.2 33.4 33.3 32.5 31.2 29.5 28.4 27.3 26.0 25.2 25.1 24.7
 23.6 22.4 21.9 21.9 21.9 21.8 21.5 21.5 21.2 20.8 20.5 20.1 20.6 21.1 20.6 20.4
 20.5 19.9 19.7 20.7 19.2 19.9 20.9 21.3 22.0 23.0 23.9 22.9 21.9 21.4 20.9 20.6
 20.9 21.1 21.3 21.5 21.8 22.0 21.9 21.6 21.2 21.3 21.8 21.9 21.2 20.7 21.1 21.5
 21.6 21.4 21.3 21.5 21.7 21.9 21.6 20.8 21.0 23.4 23.7 21.8 22.2 23.0 23.4 24.2
 25.1 25.7 26.5 26.6 26.8 28.1 29.1 28.7 27.7 27.3 27.4 27.1 26.7 26.3 25.8 25.6
 25.4 26.0 26.8 27.7 28.0 28.1 28.3 28.6 29.7 31.2 32.3 33.4 35.5 38.3 41.7 45.5
 49.7 54.1 58.7 64.5 71.0 73.6 75.9 82.8 95.2113.7135.7158.0182.5217.8237.7208.6
174.6149.6125.8109.2 98.6 92.2 89.3 83.8 73.8 65.5 60.0 55.9 53.3 51.4 49.7 49.1
 47.7 45.8 44.8 44.6 44.1 43.4 42.7 42.4 42.4 41.8 41.0 39.6 38.3 37.3 35.9 34.6
 34.1 33.9 33.4 33.2 33.4 34.0 34.9 35.7 35.4 35.0 34.9 34.7 34.3 34.0 33.5 33.2
 32.4 31.0 29.9 29.3 28.6 27.9 27.2 26.7 26.8 26.6 27.0 26.1 25.1 24.5 23.8 23.5
 23.1 22.9 23.1 23.1 22.2 21.6 21.6 21.7 21.7 21.6 21.3 21.4 21.3 20.9 20.5 19.9
 20.3 20.8 20.4 20.5 20.7 20.0 19.8 20.8 19.2 19.9 20.9 21.3 22.0 23.4 24.7 23.5
 22.2 21.8 21.2 20.8 21.0 21.2 21.4 21.8 22.1 22.3 22.3 22.4 22.2 22.1 22.7 22.8
 22.2 21.8 21.7 21.7 21.7 21.4 21.2 21.4 22.4 23.1 23.3 23.4 23.1 23.2 22.7 21.5
 21.2 21.9 23.7 25.6 26.5 26.7 26.7 27.0 27.0 26.9 26.7 25.9 25.2 24.8 24.2 24.2
 24.3 24.3 24.0 23.4 23.0 24.3 26.6 29.0 30.1 30.6 31.5 32.9 33.5 33.1 32.9 33.0
 33.3 34.5 37.4 42.6 50.0 57.0 60.4 59.7 58.7 62.0 69.1 78.6 89.0102.0116.2127.7
142.6173.1195.8174.2143.0126.0110.6 94.4 82.9 75.9 71.9 70.1 68.1 65.8 64.4 62.9
 59.5 55.6 52.1 47.4 43.9 42.5 41.0 39.7 39.6 39.9 39.4 38.7 37.9 37.1 35.4 34.0
 33.3 32.9 32.9 32.8 32.6 32.6 32.6 32.5 32.3 32.4 32.4 31.9 31.4 30.8 30.2 29.9
 29.7 29.4 28.9 28.3 28.1 27.3 26.5 26.0 25.4 25.1 25.2 24.6 23.7 23.3 23.4 23.6
 23.9 23.5 22.7 22.4 22.4 22.3 22.7 22.6 21.5 21.3 21.4 21.4 21.4 21.4 21.2 21.4
 21.5 21.0 20.4 19.8 20.2 20.6 20.3 20.6 20.9 20.1 19.9 20.9 19.2 19.8 20.8 21.0
 21.3 22.3 23.9 23.9 23.0 22.6 22.2 21.8 21.7 21.9 22.1 22.2 22.3 22.5 22.6 22.8
 23.2 23.2 23.5 23.6 23.5 23.3 23.1 22.8 22.6 22.6 22.5 22.4 22.2 22.1 21.7 21.5
 21.7 21.5 22.1 23.1 23.3 23.1 23.0 23.1 23.0 23.1 23.8 24.5 24.9 25.2 25.3 25.3
 25.6 26.3 26.9 27.4 28.3 29.0 29.4 29.5 29.4 29.6 29.8 30.2 30.7 31.6 32.5 33.4
 34.1 34.3 34.5 35.2 36.7 37.8 38.4 39.8 42.1 45.0 49.5 55.0 59.1 60.7 63.1 65.3
 68.2 74.7 84.0 95.6118.7167.9192.2156.1117.6 96.5 87.5 84.7 83.5 78.3 71.4 66.2
 62.3 60.1 58.7 57.2 55.3 52.5 48.3 44.3 42.1 40.8 39.8 39.4 38.7 37.4 35.8 33.7
 31.8 30.5 30.3 30.9 31.2 30.7 30.2 30.2 30.6 31.2 31.2 30.8 30.0 29.1 28.6 28.2
 27.9 27.4 27.1 27.1 26.6 26.1 25.4 24.7 24.6 24.7 24.3 23.8 23.3 22.9 23.0 22.8
 22.7 22.6 22.3 21.9 22.1 22.0 21.6 21.2 20.9 21.0 21.3 21.3 20.8 20.6 20.8 20.8
 21.0 21.2 21.1 20.7 20.4 20.4 20.7 21.0 21.2 21.2 20.3 19.6 19.2 19.7 21.0 22.0
 19.2 19.8 20.8 21.0 21.2 22.0 23.2 23.4 23.0 22.8 22.5 22.1 22.0 22.2 22.6 22.5
 22.5 22.7 22.9 23.1 23.7 23.8 23.4 23.7 24.6 24.4 23.9 23.4 23.1 23.3 23.1 22.4
 21.6 20.7 20.7 20.9 20.4 19.7 18.8 18.5 19.6 21.4 22.3 22.5 22.5 22.3 21.9 21.9
 22.2 22.6 23.3 24.3 25.4 26.5 27.6 28.4 28.7 28.8 28.9 28.5 28.1 28.6 29.1 29.6
 29.6 29.5 29.9 31.1 32.8 33.8 33.7 33.3 33.4 34.0 35.6 36.6 36.1 35.6 36.3 37.8
 39.8 43.6 48.4 51.7 52.2 53.4 61.6 76.4 96.0123.0140.3124.8 97.2 78.7 67.3 60.3
 58.4 57.0 55.5 56.5 57.4 55.0 51.8 48.7 46.6 45.3 44.2 42.6 39.6 36.8 35.0 33.7
 32.2 30.9 30.8 30.7 30.3 29.5 28.6 28.5 28.5 28.3 28.1 27.9 27.3 27.0 26.7 26.3
 26.0 25.6 25.4 25.3 24.9 24.6 25.1 26.1 26.6 26.7 26.3 25.6 25.3 25.1 24.4 24.1
 23.7 23.2 22.7 22.3 22.3 22.5 22.1 21.8 21.6 21.2 20.8 20.7 20.7 20.9 21.2 21.0
 20.6 20.5 20.8 20.9 21.0 21.7 22.2 21.1 20.4 20.7 21.9 22.4 21.8 21.5 20.4 19.5
 19.1 19.6 21.0 22.0 19.2 19.7 20.8 21.0 21.2 21.8 22.6 22.9 22.8 22.7 22.6 22.1
 21.9 22.4 22.9 22.9 23.0 23.2 23.5 23.8 24.0 24.1 23.7 24.3 24.9 24.5 24.0 23.4
 22.7 22.4 22.3 22.3 22.2 21.4 20.5 19.6 19.3 19.6 19.3 18.3 17.8 18.5 18.9 18.9
 19.1 19.3 19.7 20.2 20.4 20.9 21.3 21.8 22.1 22.3 22.6 23.2 23.8 24.7 25.8 26.2
 26.2 26.1 25.6 24.9 25.4 27.2 28.9 29.4 28.5 27.5 27.4 28.3 29.8 31.6 32.1 31.4
 30.9 31.9 34.6 38.3 41.8 44.2 44.1 42.9 42.9 46.0 53.4 62.8 72.4 86.0 97.2 92.8
 80.0 70.2 62.2 55.1 51.1 50.1 51.1 51.7 50.1 48.5 47.3 44.7 41.7 39.5 37.9 37.4
 37.5 36.2 33.7 31.4 29.9 28.6 27.6 27.1 26.4 25.5 24.9 24.6 25.2 25.5 24.9 24.3
 23.7 23.5 23.7 24.2 24.4 24.4 24.4 24.6 24.6 24.5 24.8 25.5 26.0 25.5 25.2 25.2
 25.4 25.5 25.0 24.1 23.6 23.7 22.8 21.9 21.8 22.1 22.0 21.6 21.7 21.3 20.6 20.4
 20.7 20.9 21.2 21.1 20.5 20.1 20.0 20.3 20.8 21.9 22.5 21.3 20.6 21.0 23.0 23.7
 22.3 21.5 20.4 19.4 18.9 19.6 21.0 22.0 19.2 19.7 20.7 21.0 21.1 21.6 22.2 22.4
 22.6 22.6 22.4 22.1 22.0 22.4 22.9 23.2 23.4 23.6 23.8 24.3 24.3 24.2 24.3 24.2
 24.0 24.0 24.3 24.1 23.5 22.9 22.5 22.3 22.1 21.4 20.2 19.0 18.1 17.8 17.9 18.1
 18.7 19.6 19.7 19.8 19.4 18.5 18.3 18.6 18.8 18.7 18.9 19.7 20.5 20.9 21.3 21.7
 21.5 21.2 21.7 22.9 24.0 24.1 24.5 25.6 26.4 26.6 26.6 26.7 27.2 27.9 29.2 30.6
 31.3 30.8 29.7 29.5 30.4 32.0 33.7 35.2 36.3 37.5 39.2 41.1 43.1 45.3 50.0 58.4
 70.4 84.5 92.6 86.2 74.2 64.1 55.5 49.2 45.8 45.1 45.8 46.7 46.6 45.2 43.6 42.7
 41.8 39.6 37.5 36.8 35.7 33.8 32.1 31.1 30.6 29.5 27.9 26.8 25.9 24.6 23.3 22.3
 21.5 21.9 22.6 22.8 22.4 21.9 21.5 21.1 20.9 21.4 22.5 23.1 23.0 22.4 22.3 22.8
 22.9 23.1 23.6 23.4 23.1 23.4 23.2 22.7 22.3 22.4 22.3 22.0 22.2 22.2 22.1 22.0
 21.8 21.4 20.8 20.5 20.5 20.9 21.3 21.1 20.5 20.3 20.4 20.5 20.5 21.0 21.2 20.7
 20.5 20.9 22.7 23.8 22.3 21.2 20.2 19.3 18.8 19.5 21.0 22.0 19.2 19.7 20.7 21.0
 21.1 21.5 21.9 22.1 22.5 22.6 22.4 22.3 22.4 22.5 23.0 23.6 23.8 23.6 23.7 24.1
 24.2 23.8 23.6 23.3 22.9 23.0 23.0 23.3 23.2 22.9 22.1 21.5 21.3 21.1 20.6 20.1
 20.0 19.8 19.3 18.6 17.8 17.6 17.5 17.7 17.6 17.9 18.2 18.4 19.0 19.2 18.9 19.0
 19.6 20.3 21.1 21.4 22.1 23.0 23.5 24.0 24.7 25.5 25.7 25.6 25.8 26.4 27.0 28.1
 29.3 30.2 30.6 30.7 31.0 31.3 31.5 31.1 30.3 30.4 31.5 33.3 35.3 38.1 41.8 47.1
 51.9 52.7 55.8 63.5 72.2 77.1 77.3 75.2 71.3 64.3 56.7 51.2 47.5 45.0 42.4 40.5
 39.4 38.8 37.0 34.4 32.4 31.8 31.8 31.6 31.3 30.9 30.4 29.8 28.7 27.5 26.0 24.5
 24.7 24.9 23.9 22.9 22.3 22.6 22.9 22.7 22.0 21.4 21.2 21.2 21.2 21.1 21.3 21.8
 21.7 22.1 22.5 21.9 21.8 22.3 22.1 21.2 20.8 20.8 20.9 21.0 20.7 20.7 21.0 21.3
 21.3 21.1 21.1 20.9 20.4 20.3 20.4 20.2 20.1 20.4 20.6 20.3 19.8 19.8 20.1 20.2
 20.1 20.4 20.3 20.0 20.1 20.4 21.7 23.1 22.0 20.7 20.0 19.1 18.7 19.4 21.0 22.1
 19.2 19.7 20.7 21.0 21.0 21.5 21.9 22.0 22.4 22.8 22.5 22.5 22.8 22.8 23.1 23.8
 23.8 23.6 23.6 23.3 23.0 22.8 22.3 21.8 21.4 20.9 20.4 20.6 21.3 21.7 21.5 20.8
 20.3 20.4 20.6 20.3 20.1 20.5 21.4 21.6 20.7 19.9 19.3 19.5 19.7 19.6 19.9 20.1
 20.1 20.4 20.7 21.1 21.5 21.4 21.2 21.5 22.5 24.1 25.6 26.7 26.9 26.9 26.5 25.7
 24.7 24.4 25.7 28.0 30.1 32.0 31.9 31.5 32.7 34.1 34.7 35.7 36.2 35.9 36.0 36.5
 37.0 38.7 41.4 44.0 47.6 52.7 58.6 64.7 72.2 77.3 79.6 81.1 80.7 73.5 60.3 50.6
 43.4 38.4 35.8 35.0 33.9 32.7 31.8 31.0 30.2 29.7 28.9 27.6 26.8 26.4 25.9 25.0
 24.3 23.9 23.9 23.6 23.0 23.1 23.1 22.7 22.7 23.2 23.1 22.4 21.8 21.6 21.3 21.3
 21.4 21.2 20.9 20.4 20.9 21.1 20.9 21.0 20.9 21.0 21.3 20.9 20.7 20.5 20.3 20.0
 20.1 20.5 20.7 20.9 20.7 20.4 20.2 19.8 19.7 19.5 19.4 19.7 20.0 20.0 19.8 19.4
 19.3 19.4 19.0 19.0 19.3 19.7 19.6 19.6 19.9 20.1 20.9 22.3 21.5 20.3 19.7 19.0
 18.6 19.3 21.0 22.2 19.2 19.6 20.7 21.0 21.0 21.5 22.0 22.1 22.4 22.9 22.9 22.9
 23.2 23.1 23.3 23.8 23.5 23.1 22.8 22.2 21.8 21.6 21.5 21.2 20.7 20.6 20.6 20.8
 21.1 21.2 21.1 21.3 21.5 21.4 21.2 21.2 21.3 21.5 22.0 22.2 22.1 22.0 22.1 21.8
 21.4 21.5 21.9 22.8 23.8 24.6 24.9 25.0 25.5 25.8 25.7 26.4 27.5 27.5 27.1 27.6
 28.9 28.8 27.9 27.8 28.8 29.8 30.3 30.4 30.3 30.4 30.5 31.1 31.9 32.5 32.8 33.2
 34.0 35.0 36.2 37.2 41.0 45.2 43.8 43.7 48.6 55.2 60.9 67.6 77.1 85.4 89.5 92.5
 90.9 81.9 67.0 52.9 45.1 41.4 38.6 35.7 32.9 31.6 30.2 28.9 28.7 28.9 28.6 27.7
 26.3 25.4 24.5 23.2 22.0 20.9 20.4 20.7 21.3 22.2 23.1 23.0 22.4 22.6 23.1 23.5
 23.2 23.0 23.8 24.4 24.4 23.8 22.9 22.6 22.3 21.7 21.4 20.6 20.0 20.4 20.5 20.3
 20.1 20.1 20.0 19.8 20.1 20.5 20.6 20.5 20.1 20.0 19.9 19.7 19.5 19.1 18.9 19.2
 19.5 19.4 18.9 18.6 18.8 19.0 18.7 18.7 19.0 19.0 19.1 19.4 19.8 19.9 20.4 21.6
 21.0 19.9 19.5 18.9 18.5 19.2 21.0 22.2 19.2 19.9 21.4 21.7 21.3 22.0 22.9 23.0
 22.9 23.5 24.0 23.9 23.4 23.0 22.9 23.0 23.0 22.6 22.0 21.4 21.0 20.8 20.2 19.8
 19.7 19.9 20.4 20.9 21.0 21.2 21.4 21.0 20.9 21.2 21.2 21.0 21.1 21.1 20.9 20.7
 20.6 20.6 20.8 21.5 22.3 22.5 22.4 22.8 23.0 23.1 23.5 24.2 24.6 25.1 26.3 28.0
 28.9 28.4 27.9 27.3 27.0 28.1 29.5 30.4 30.9 31.3 31.0 30.7 30.6 30.2 29.5 29.1
 28.9 28.2 28.1 28.6 30.0 32.1 33.6 34.1 35.0 38.5 41.2 42.2 43.8 47.9 54.2 63.5
 78.8 99.0114.0116.5112.5105.5156.6465.7642.4274.3 70.4 43.2 36.9 33.4 31.9 31.7
 31.8 32.2 32.5 32.5 32.3 31.6 31.1 30.6 29.8 29.0 27.7 26.2 26.0 25.9 25.2 25.0
 25.3 26.3 26.7 26.0 25.7 25.8 25.9 26.0 25.8 25.4 25.3 25.2 24.4 23.7 23.4 22.6
 21.7 21.3 21.3 21.9 21.5 21.1 20.9 20.4 20.7 21.0 20.9 20.7 20.3 19.7 19.3 19.2
 18.8 18.6 18.9 19.4 19.9 19.3 18.4 18.2 18.2 18.7 19.0 18.9 18.9 18.9 19.1 19.4
 19.3 19.4 19.9 19.8 19.2 19.2 18.9 18.5 18.4 18.8 20.0 21.6 19.2 20.1 21.8 21.9
 21.5 22.1 22.9 23.2 23.1 23.6 24.0 23.8 23.3 22.9 23.1 23.2 23.0 22.7 22.0 21.3
 20.8 20.3 19.6 19.1 19.1 19.4 19.7 20.3 20.5 20.4 20.0 19.8 19.8 19.2 19.0 19.6
 20.6 21.5 21.9 21.9 21.6 21.6 22.2 23.1 23.8 24.5 24.7 24.7 25.2 25.9 26.2 26.2
 26.3 26.7 27.3 28.0 28.6 29.5 30.3 30.5 30.4 30.8 31.2 31.4 31.6 31.6 30.4 28.9
 28.2 28.4 28.8 29.4 29.2 29.2 29.3 30.1 31.9 33.2 33.6 34.0 34.2 34.5 36.4 40.8
 48.5 56.3 62.9 77.4106.7147.8192.4210.0195.8165.9128.7101.3 84.7 72.5 61.8 51.6
 44.3 41.1 39.9 39.5 39.0 39.0 39.2 38.2 36.3 35.6 35.5 34.7 32.8 30.2 28.7 28.4
 28.0 27.0 26.2 26.1 26.0 25.7 25.1 25.2 26.3 26.8 26.9 27.2 26.8 26.4 26.2 26.0
 25.7 25.3 25.0 24.5 24.0 23.1 22.9 22.9 22.4 21.8 21.1 20.9 21.0 20.4 19.9 19.6
 19.6 19.5 19.4 19.2 18.8 18.5 18.4 18.3 18.2 17.9 17.6 17.7 17.8 18.1 18.4 18.4
 18.7 18.8 18.9 19.3 19.3 19.5 19.9 19.7 19.3 19.2 18.9 18.5 18.3 18.7 19.9 21.5
 19.2 20.2 22.1 22.2 21.7 22.2 22.9 23.2 23.3 23.6 23.7 23.4 23.2 23.2 23.3 23.4
 23.1 22.7 21.9 21.3 20.7 19.6 18.6 18.1 18.2 18.5 18.6 18.6 18.9 19.3 19.6 20.0
 20.1 19.6 19.9 20.6 21.1 21.9 23.0 23.9 23.9 24.0 24.3 24.9 25.3 25.3 25.5 26.1
 27.1 28.5 29.1 28.6 28.2 28.3 28.5 28.4 27.9 27.8 27.9 28.0 28.5 28.9 28.8 28.6
 28.6 29.0 29.3 29.2 29.6 30.0 29.5 28.5 27.7 27.6 27.3 26.7 27.2 29.1 32.2 35.9
 39.0 41.0 42.7 44.2 46.6 50.7 57.2 69.9 94.2119.3123.0110.4101.8 98.3 94.5 88.9
 80.1 67.8 56.7 49.2 45.4 44.6 44.0 42.5 40.3 39.3 39.2 38.6 37.7 36.1 35.6 35.7
 34.8 33.8 33.0 32.3 31.2 29.5 28.7 28.4 27.9 27.3 26.4 26.2 26.7 27.0 27.1 27.5
 27.1 26.5 26.1 26.0 25.8 25.5 25.4 25.7 25.6 24.7 24.3 24.2 23.8 23.5 23.1 22.2
 21.2 20.2 19.6 19.8 20.0 19.9 19.7 19.6 19.2 19.1 18.9 17.9 16.9 16.9 16.9 17.1
 17.3 17.3 17.3 17.4 18.4 18.8 18.5 18.9 19.4 19.6 19.7 19.5 19.3 19.3 18.8 18.5
 18.3 18.6 19.8 21.4 19.2 20.3 22.4 22.4 21.8 22.3 22.8 23.2 23.5 23.6 23.3 23.0
 22.9 23.1 23.2 23.3 23.2 22.6 21.8 21.2 20.3 19.0 18.1 17.7 17.2 17.5 18.1 18.6
 19.1 19.5 19.4 19.6 20.1 20.1 20.1 20.3 20.5 20.8 20.8 20.6 21.2 22.5 23.2 23.6
 24.4 24.9 25.3 25.5 25.2 24.7 24.3 24.4 24.1 23.1 23.1 23.4 23.2 23.0 22.8 23.0
 23.5 24.1 24.4 25.0 25.3 25.4 25.7 25.9 25.8 26.4 27.6 29.3 31.1 31.9 31.5 31.2
 31.9 33.1 32.9 33.7 35.6 36.3 37.1 39.0 42.2 46.8 49.7 49.8 52.5 59.9 68.4 75.8
 81.7 86.8 92.8 91.3 76.4 61.8 53.2 47.5 43.9 42.2 41.0 40.6 40.2 39.4 38.9 39.3
 39.5 38.8 38.0 37.8 37.8 37.7 38.0 38.1 37.0 34.9 32.6 31.1 30.2 29.4 28.1 27.4
 27.6 27.5 27.4 27.7 27.2 26.5 26.1 26.0 25.4 24.9 25.5 26.1 25.4 24.8 24.7 24.6
 24.7 24.1 22.7 21.9 21.8 21.7 21.5 21.8 21.8 20.9 20.2 20.0 20.4 20.7 19.8 18.3
 17.3 17.0 17.2 17.6 17.4 16.9 16.6 16.6 17.5 17.9 17.7 18.5 19.3 19.4 19.2 19.2
 19.2 19.2 18.8 18.5 18.2 18.5 19.7 21.3 19.2 20.4 22.6 22.6 22.0 22.4 22.7 23.2
 23.7 23.7 23.3 22.9 22.7 22.7 22.8 23.1 23.7 23.1 22.0 21.5 20.7 19.4 18.3 17.8
 17.5 17.5 17.8 18.0 18.3 18.6 18.4 18.1 18.3 18.4 18.8 19.8 20.4 20.3 20.4 20.7
 21.4 21.7 21.8 22.2 22.6 22.9 22.8 22.8 23.2 23.5 23.0 22.5 22.5 21.8 21.5 21.6
 21.2 20.7 21.0 21.7 22.2 22.8 22.8 22.6 23.0 23.6 24.1 24.8 25.8 26.4 26.5 27.3
 29.0 31.1 32.9 34.1 34.7 35.5 36.2 36.8 38.1 40.7 43.2 43.9 44.6 46.5 47.7 48.9
 52.8 61.1 71.4 79.9 85.8 85.8 79.9 70.7 60.4 52.9 47.6 43.1 39.7 36.9 35.1 34.4
 34.2 33.6 32.3 31.6 31.7 31.7 31.9 32.5 32.9 33.1 33.3 33.9 34.3 33.7 32.6 32.0
 31.8 30.9 30.1 29.7 29.2 28.8 28.6 28.4 27.8 27.1 25.9 25.2 24.7 24.2 24.0 24.2
 24.2 24.0 23.9 23.2 21.9 21.4 21.4 21.4 21.5 22.1 22.4 22.2 21.8 21.0 20.8 21.3
 21.4 20.7 19.3 18.1 17.6 17.5 17.5 17.7 17.6 17.0 16.3 16.5 16.7 16.6 17.0 18.0
 18.8 18.9 18.7 18.7 18.8 18.9 18.6 18.4 18.1 18.4 19.6 21.3 19.2 20.5 22.9 22.9
 22.1 22.4 22.7 23.2 23.8 23.7 23.4 23.1 22.7 22.5 22.5 22.9 23.6 23.4 22.7 22.0
 20.9 19.6 18.4 18.0 17.6 17.2 17.3 17.4 17.5 17.8 17.9 18.0 18.1 18.1 18.3 18.9
 19.8 20.3 20.7 21.3 21.6 21.7 21.7 21.9 22.1 21.8 21.8 22.0 21.7 21.2 21.0 21.4
 22.1 22.2 22.0 21.9 22.0 22.2 22.2 22.1 22.1 22.5 22.9 23.3 24.0 24.9 25.1 24.9
 25.1 26.0 27.6 29.2 30.9 32.9 34.1 33.6 33.0 33.6 34.5 35.2 35.8 37.2 39.1 41.4
 43.8 47.0 50.3 54.1 58.6 63.4 67.7 70.8 72.6 72.4 68.9 62.8 55.8 49.5 44.6 40.4
 36.3 34.4 34.1 33.7 32.2 30.7 29.8 29.4 29.2 29.2 29.3 29.5 30.4 31.5 32.6 33.5
 33.3 31.6 29.3 27.8 27.4 27.8 28.3 29.0 29.3 29.3 29.4 28.9 27.8 27.5 27.7 27.4
 26.7 26.4 26.6 25.8 25.0 24.4 23.7 22.9 22.6 22.6 22.6 22.4 22.2 22.4 22.6 22.3
 21.9 22.0 24.7 25.9 22.2 20.2 19.4 19.1 19.1 18.8 18.4 18.1 17.7 17.3 16.7 16.8
 16.8 16.5 16.9 17.7 18.0 18.1 18.1 18.1 18.2 18.4 18.5 18.3 18.1 18.3 19.4 21.2
 19.2 20.7 23.2 23.1 22.1 22.4 22.7 23.2 23.7 23.5 23.3 23.1 22.6 22.5 22.7 23.2
 23.6 23.0 22.3 21.7 20.8 19.3 17.9 17.2 17.0 17.0 17.2 17.3 17.9 18.8 18.3 17.5
 17.2 17.2 17.4 18.2 19.5 20.6 21.4 22.1 22.7 23.2 23.4 23.1 22.0 21.2 20.9 20.5
 20.1 20.2 20.6 21.1 21.7 21.7 21.7 22.1 22.7 23.5 24.4 25.0 25.3 25.6 25.5 25.7
 26.4 26.9 26.6 25.7 25.3 25.9 27.0 28.5 30.2 31.6 32.3 32.5 32.5 32.8 32.9 32.8
 31.9 30.5 30.8 33.1 35.9 39.2 42.9 46.3 50.7 55.4 59.1 62.1 65.1 69.1 69.3 62.7
 54.8 49.8 46.8 42.1 37.8 35.7 34.1 32.7 31.5 30.7 29.8 28.9 28.6 28.7 28.3 28.1
 28.3 28.5 29.1 29.3 29.1 28.9 28.2 27.3 26.4 26.5 27.2 28.2 28.5 28.3 28.6 28.9
 28.6 28.0 27.9 27.6 26.7 26.7 27.0 26.5 25.6 25.1 24.8 24.6 24.2 23.5 22.6 21.9
 21.7 21.5 21.1 21.0 21.5 22.2 23.6 24.1 22.3 21.4 21.2 21.0 20.5 19.9 19.7 19.3
 18.6 18.1 17.8 17.8 17.8 17.5 17.3 17.4 17.3 17.4 17.6 17.5 17.6 18.0 18.3 18.3
 18.0 18.2 19.3 21.1 19.2 20.8 23.6 23.2 22.1 22.4 22.7 23.3 23.4 23.1 23.0 22.7
 22.3 22.4 23.0 23.6 24.2 23.5 22.0 21.4 21.0 19.6 18.0 17.5 17.6 17.6 17.8 17.7
 17.7 18.2 18.3 17.7 17.5 18.2 19.5 20.7 21.1 21.6 21.9 22.1 22.7 23.3 23.2 22.5
 22.3 22.0 21.2 20.7 20.8 21.0 21.2 21.8 22.1 21.9 22.0 22.7 24.5 26.2 24.9 24.5
 25.5 25.6 25.4 25.3 25.5 25.7 26.1 27.1 27.5 27.6 28.3 28.9 29.3 30.2 31.4 32.4
 32.4 31.5 31.1 31.0 30.9 31.7 33.4 35.3 37.4 40.6 45.2 49.9 53.9 59.4 63.4 65.3
 66.1 63.5 59.0 55.6 52.6 49.2 45.8 43.0 41.0 39.2 36.7 34.7 33.1 31.5 30.3 29.9
 29.1 28.3 28.3 27.9 27.1 26.6 26.1 26.1 26.4 26.4 25.9 24.9 24.3 24.8 25.4 25.5
 25.7 26.2 26.3 26.3 26.8 27.4 27.3 26.3 25.4 24.7 24.0 23.5 23.8 24.9 26.1 26.7
 26.0 24.5 23.2 22.1 21.2 20.6 20.6 21.1 21.7 22.4 22.6 22.0 21.0 20.4 20.3 20.6
 20.6 20.6 20.9 20.7 19.6 19.0 18.9 19.2 18.8 17.9 17.3 17.1 16.9 17.0 17.1 17.2
 17.2 17.7 18.2 18.2 17.9 18.0 19.2 21.0 19.2 19.8 21.1 21.0 20.7 21.4 22.4 23.2
 23.3 23.0 22.5 21.9 21.8 22.2 22.7 23.2 23.6 23.1 22.3 22.0 21.3 19.9 18.7 18.0
 17.9 17.9 17.9 18.3 18.6 18.8 18.9 19.1 19.7 20.4 21.3 21.9 22.9 23.5 23.2 22.9
 23.1 23.6 22.9 21.9 21.7 22.1 22.3 21.8 21.4 21.0 20.7 20.6 20.6 20.6 21.0 21.9
 23.1 24.4 25.0 25.1 24.9 24.8 24.9 24.7 24.8 25.2 25.7 25.8 26.0 26.3 27.0 27.7
 28.6 29.6 30.4 30.9 31.3 31.3 31.4 31.9 32.6 33.4 34.6 37.2 41.3 48.3 61.6 70.9
 73.6 77.6 74.2 68.6 65.5 62.9 61.6 61.5 58.7 54.6 51.3 48.4 45.1 41.7 38.5 36.1
 34.5 32.8 31.2 29.9 29.0 28.4 27.5 26.5 25.9 25.7 25.7 25.5 25.3 24.7 23.7 22.7
 21.9 22.2 22.6 22.9 23.2 23.4 23.6 23.5 23.7 24.4 25.1 25.2 25.2 24.7 24.6 24.3
 23.5 22.8 22.2 22.0 22.4 22.6 22.4 22.3 21.9 21.3 21.2 21.9 22.3 22.1 21.5 21.0
 20.5 19.9 19.4 19.3 19.4 19.6 20.2 20.3 20.0 20.1 19.5 18.7 18.2 17.8 17.2 16.8
 16.9 16.9 16.9 17.1 17.2 17.5 18.1 18.3 18.4 18.4 18.8 20.1 19.2 19.7 20.9 20.8
 20.7 21.3 22.2 22.9 23.1 22.9 22.5 22.2 22.2 22.6 23.1 23.3 23.3 22.9 22.2 21.9
 21.3 19.8 18.7 18.4 18.7 19.2 19.5 19.3 19.3 20.2 20.9 21.2 21.5 21.9 22.2 22.7
 23.2 23.0 22.8 23.1 23.1 22.6 22.0 22.1 22.1 21.8 21.9 21.8 21.9 22.3 22.4 22.2
 22.0 21.8 21.8 22.2 22.9 23.4 24.0 24.7 25.5 25.3 24.9 24.7 24.9 25.4 25.6 25.7
 26.0 26.2 26.3 26.7 27.5 28.2 28.5 28.2 27.8 28.2 29.4 30.4 31.5 33.6 36.8 43.0
 50.9 60.9131.4503.6819.2402.0127.6 84.9 73.7 66.2 61.6 58.7 55.1 51.2 48.2 45.3
 42.3 40.1 38.6 38.1 37.3 35.9 34.4 32.6 30.4 28.9 27.3 25.5 24.2 23.6 23.2 22.9
 23.4 24.5 23.3 22.2 22.4 22.7 22.4 21.8 21.1 20.7 20.7 21.0 21.8 22.9 23.8 24.4
 24.1 23.0 22.3 22.1 21.8 21.7 21.4 21.0 20.7 21.2 21.7 21.5 21.0 21.1 21.5 22.0
 22.1 21.6 21.5 21.7 20.9 19.7 19.1 18.9 19.0 19.4 19.9 20.3 20.1 19.6 18.9 18.3
 18.1 18.0 17.7 17.2 17.0 17.1 17.2 17.4 17.5 17.7 18.1 18.2 18.3 18.3 18.7 20.0
 19.2 19.6 20.8 20.8 20.7 21.2 22.0 22.6 22.8 22.7 22.5 22.4 22.3 22.7 23.1 23.2
 23.0 22.9 22.7 22.2 21.5 20.2 19.2 18.8 19.4 21.2 21.5 20.3 20.0 20.6 21.4 21.8
 22.1 22.6 22.7 22.8 23.2 23.3 23.1 22.8 22.7 22.3 21.8 21.5 21.3 21.5 22.0 22.8
 23.4 23.5 23.0 22.6 22.4 22.7 22.7 22.7 23.2 23.5 23.7 24.2 24.9 25.4 25.7 25.5
 25.1 25.1 25.0 25.0 25.1 25.0 25.0 25.4 26.0 26.8 27.6 28.2 28.9 30.1 31.7 33.7
 36.5 39.4 42.3 45.5 48.5 51.3 54.2 57.2 61.0 65.0 67.4 64.0 59.9 57.2 54.7 52.2
 49.5 47.3 45.7 44.1 42.3 39.9 37.6 35.9 34.5 33.6 32.9 32.2 31.0 29.1 26.9 25.5
 24.7 23.9 23.0 22.4 21.7 21.2 21.1 21.6 22.6 23.5 23.2 22.0 21.2 21.3 22.1 23.0
 23.9 23.9 23.4 23.0 22.5 21.8 21.2 20.7 20.6 20.5 20.6 20.8 20.9 21.5 22.1 22.3
 22.1 21.5 21.1 20.9 20.6 20.4 20.6 21.1 21.2 20.6 19.8 19.4 19.6 19.7 20.2 21.1
 21.0 19.7 19.0 18.6 18.4 18.4 18.2 17.8 17.2 17.2 17.5 17.6 17.7 17.8 18.1 18.1
 18.2 18.3 18.7 19.9 19.2 19.6 20.7 20.7 20.7 21.1 21.8 22.4 22.6 22.6 22.6 22.4
 22.2 22.3 22.7 23.2 22.9 22.6 22.3 21.7 21.2 20.4 19.5 19.2 19.5 19.9 20.3 20.6
 20.5 20.5 20.7 20.9 21.3 21.9 22.3 22.4 22.5 22.6 22.2 21.7 21.7 21.3 20.9 21.1
 21.2 21.3 21.7 22.2 22.4 22.2 22.0 22.0 22.1 22.4 22.1 21.8 21.7 21.9 22.8 23.9
 24.5 24.3 24.3 24.5 25.2 26.3 27.1 28.4 29.6 29.3 28.0 27.1 27.1 27.1 27.4 27.8
 28.4 30.0 33.3 37.2 40.9 44.9 48.1 49.4 49.9 50.5 51.3 51.5 52.4 54.6 59.2 68.5
 69.4 63.3 60.6 58.6 54.7 50.3 47.4 46.8 47.3 43.7 39.5 37.3 35.9 35.0 34.4 34.0
 32.7 30.6 28.6 26.2 24.5 23.4 22.6 21.9 21.7 22.1 22.9 23.8 23.8 23.8 23.6 23.3
 22.9 22.7 22.4 22.2 21.8 21.4 21.1 21.1 21.3 21.8 22.1 22.3 22.2 22.0 22.1 22.5
 22.7 22.6 22.4 22.2 22.2 22.0 21.5 21.1 21.1 21.0 20.8 21.1 21.5 21.5 20.8 20.3
 20.3 20.1 20.4 21.3 21.0 19.2 18.9 18.9 19.0 19.1 18.7 18.1 17.5 17.5 17.5 17.5
 17.7 17.8 18.0 18.0 18.1 18.2 18.6 19.8 19.2 19.5 20.4 20.6 20.6 21.1 21.7 22.2
 22.6 22.7 22.8 22.7 22.5 22.5 22.9 23.5 23.1 22.7 22.5 21.9 21.2 20.4 19.9 20.3
 21.1 21.8 22.4 21.5 20.9 20.7 20.5 20.3 20.4 20.7 21.1 21.2 20.9 20.5 20.5 20.9
 21.0 20.8 20.8 21.3 22.5 23.1 22.9 23.1 23.3 23.0 22.7 22.5 22.6 23.7 24.1 23.0
 22.6 23.3 24.3 24.8 24.7 24.4 23.8 23.4 23.7 24.7 25.4 26.2 27.4 28.2 28.4 28.9
 29.3 29.4 29.9 30.1 30.0 30.7 32.1 33.5 34.9 37.4 40.4 44.5 47.5 48.1 49.3 51.9
 54.9 57.2 59.1 59.6 58.7 58.3 57.9 57.0 53.0 48.0 45.3 43.8 42.6 41.7 40.8 39.9
 38.9 37.6 36.4 35.1 33.4 31.0 28.9 27.2 25.8 25.1 24.2 22.6 22.7 23.8 24.3 23.7
 22.4 21.7 21.3 20.9 20.5 20.3 20.2 20.1 19.8 19.5 19.4 19.5 19.8 20.4 20.9 20.9
 20.9 21.0 21.0 21.1 21.4 21.7 21.5 21.4 21.2 20.9 20.6 20.2 20.1 20.8 21.4 21.1
 20.8 21.0 21.4 21.6 21.7 21.5 21.3 21.3 20.7 18.9 18.3 18.3 18.7 19.2 19.0 18.4
 18.0 17.7 17.4 17.2 17.4 17.8 18.0 17.9 18.0 18.2 18.6 19.7 19.2 19.4 20.1 20.5
 20.7 21.1 21.7 22.1 22.5 22.9 23.3 23.4 23.3 23.4 23.9 24.2 23.7 23.2 22.9 22.5
 21.8 21.1 20.8 21.1 21.9 23.1 23.7 22.8 22.2 22.3 21.9 21.2 21.0 21.2 21.3 21.2
 20.9 20.8 21.1 21.7 23.4 24.5 23.6 22.8 22.6 23.0 23.2 22.6 21.9 21.7 21.9 22.2
 22.5 22.6 22.3 22.1 22.3 22.8 23.4 24.8 25.2 24.6 24.5 24.8 25.1 25.4 26.0 27.1
 28.1 28.5 28.7 29.4 30.1 30.6 31.1 32.1 33.1 33.8 33.9 35.0 36.5 37.4 39.0 42.0
 45.2 48.0 50.7 53.2 56.4 60.1 63.2 63.8 61.2 58.4 56.3 54.0 51.6 50.1 49.3 48.0
 45.4 42.5 40.5 38.8 37.5 36.7 35.5 33.7 31.7 29.2 27.1 25.4 24.0 22.9 21.8 20.8
 20.8 21.5 22.3 22.3 21.6 21.8 21.6 21.3 21.1 20.7 20.4 20.0 20.1 20.3 20.3 20.1
 20.0 21.5 22.2 21.1 20.5 20.5 20.6 20.6 20.9 21.6 22.1 21.5 20.4 20.0 19.6 19.1
 19.4 19.6 19.6 19.8 20.3 20.9 20.9 20.7 20.9 21.2 21.3 21.0 20.1 18.7 17.9 18.1
 18.4 18.7 18.9 18.5 18.0 17.6 17.2 17.0 17.1 17.6 17.9 17.8 17.9 18.1 18.5 19.6
 19.2 19.3 20.1 20.5 20.7 21.1 21.7 22.0 22.4 23.1 24.0 24.2 24.0 24.3 25.1 25.3
 24.8 24.0 23.5 23.1 22.5 21.7 21.4 21.6 22.1 22.3 22.3 22.4 22.5 22.8 22.4 21.5
 21.0 21.0 21.3 21.7 21.7 21.4 21.3 21.6 22.5 23.0 23.1 23.3 23.0 22.8 22.6 22.6
 22.6 22.5 22.4 22.7 23.2 23.7 23.9 24.0 24.1 24.1 23.5 23.5 24.4 25.9 25.6 24.8
 24.6 25.1 26.5 28.0 29.2 30.1 30.8 31.4 32.0 32.4 32.7 33.3 33.6 33.8 34.6 35.7
 36.3 36.9 37.0 37.5 40.6 45.1 49.7 53.6 56.8 60.0 63.9 67.1 62.9 56.1 53.1 53.2
 53.5 52.3 50.1 47.6 45.0 42.4 39.7 37.4 35.2 33.1 31.8 31.0 30.2 29.1 28.0 26.8
 25.0 22.9 21.6 21.2 21.3 21.6 21.7 21.5 20.7 19.9 19.2 19.3 19.7 19.3 19.3 19.5
 19.5 19.4 19.5 20.0 20.4 20.3 20.5 20.8 20.9 20.7 20.5 20.0 19.8 20.2 21.1 21.4
 20.8 20.2 19.7 19.3 19.1 19.0 18.9 19.0 19.3 19.6 19.6 19.6 19.6 19.7 19.7 18.9
 18.1 17.8 17.5 18.0 18.5 18.6 18.5 18.2 17.8 17.5 17.2 17.0 16.9 17.4 17.9 17.7
 17.8 18.0 18.4 19.5 19.2 19.7 20.6 20.9 21.1 21.5 21.7 21.4 21.8 23.0 24.0 24.3
 24.4 24.4 25.1 26.3 26.1 24.8 23.7 23.1 22.4 21.7 21.4 21.8 22.0 21.8 21.9 22.2
 22.5 22.6 22.8 23.0 22.4 21.6 21.6 22.3 23.1 23.2 23.3 23.6 23.7 23.9 24.3 24.5
 24.2 23.8 23.4 23.4 23.6 24.2 24.1 23.7 23.6 23.3 23.0 22.9 23.2 23.6 23.7 23.5
 23.4 24.1 24.4 24.2 23.9 24.5 25.7 27.5 29.8 31.8 32.6 32.7 33.1 33.5 33.4 33.7
 34.5 35.1 35.4 35.5 35.9 37.0 37.8 38.5 40.4 43.4 47.1 51.0 55.4 61.4 70.2 74.6
 65.6 57.0 53.4 51.4 49.8 48.3 47.0 45.8 43.7 41.1 38.6 35.8 33.4 31.8 30.7 30.4
 30.0 29.2 28.5 27.7 26.3 24.6 23.7 23.6 23.3 21.9 20.0 18.8 18.4 18.5 18.4 17.9
 17.4 17.1 17.2 18.2 19.6 20.1 20.3 20.7 21.3 21.4 20.8 20.4 20.3 20.4 20.5 20.8
 20.6 20.3 20.0 19.9 20.2 20.4 20.6 21.0 20.5 19.6 19.3 19.6 19.7 19.3 19.1 19.3
 19.5 19.2 18.7 18.3 18.0 18.0 17.8 17.8 18.4 19.0 18.7 18.3 17.7 17.5 17.4 17.0
 16.6 16.9 17.8 17.8 17.6 17.9 18.2 19.1 19.2 19.7 20.6 21.0 21.1 21.6 21.8 21.4
 21.7 22.7 23.5 24.3 25.3 25.1 25.2 25.4 24.9 23.9 23.3 22.9 22.5 22.0 21.9 22.1
 22.3 22.2 22.8 23.9 23.9 23.0 22.6 22.5 22.5 22.6 23.1 23.8 24.2 24.6 24.6 24.4
 24.3 24.5 24.7 24.8 24.3 24.1 23.9 23.8 24.0 24.2 24.4 24.8 25.3 25.7 26.0 25.8
 25.7 25.8 26.4 26.2 25.6 25.7 25.7 25.9 26.0 26.6 27.6 28.5 29.9 31.2 32.4 33.1
 34.7 37.4 37.1 36.2 36.5 37.1 37.4 36.8 36.4 36.9 37.4 38.8 40.9 43.5 47.3 51.7
 55.6 58.6 60.5 60.4 57.9 54.6 51.9 49.3 46.5 44.4 43.7 43.6 42.9 41.0 38.3 36.1
 33.9 31.8 30.1 29.4 29.0 28.7 28.3 27.5 27.1 26.9 26.3 25.5 24.4 23.2 20.9 18.9
 18.3 18.3 18.9 19.0 18.6 18.1 18.0 18.2 18.6 19.4 20.8 21.6 21.8 21.7 21.6 21.5
 21.1 20.7 20.3 20.2 20.0 19.9 20.0 19.9 19.8 19.9 20.1 19.9 19.6 19.6 20.1 20.1
 19.4 19.0 19.1 19.3 19.5 19.5 19.3 18.7 17.9 17.6 17.4 17.6 18.5 18.8 18.6 18.5
 17.9 17.6 17.5 17.0 16.7 17.0 17.7 17.7 17.6 17.9 18.2 19.0 19.2 19.7 20.6 21.0
 21.1 21.6 21.8 21.5 21.6 22.5 23.2 24.3 25.6 25.4 25.2 24.6 24.1 23.7 23.3 22.8
 22.5 22.3 22.0 22.0 22.2 22.4 23.0 23.6 23.2 22.9 22.6 22.6 22.7 22.9 23.0 23.6
 24.3 24.8 24.9 25.0 24.9 25.1 25.1 24.9 24.9 25.2 25.7 26.0 26.0 26.2 26.6 26.9
 27.0 26.9 27.0 26.9 26.8 26.7 26.5 26.5 26.8 27.1 27.4 27.7 28.3 29.3 30.1 30.7
 31.2 31.5 31.5 31.9 32.6 33.2 33.9 35.2 36.9 38.5 39.8 40.3 40.2 40.1 41.1 42.6
 43.5 45.0 47.7 51.6 56.3 59.2 57.6 54.5 51.9 50.8 50.1 48.9 47.1 45.3 44.6 44.3
 42.8 40.6 38.6 36.9 35.6 34.4 33.1 32.4 32.0 31.3 30.3 29.8 29.7 28.9 28.1 26.9
 25.1 22.8 20.4 19.5 19.2 19.1 19.3 19.8 20.0 20.0 20.0 20.6 21.7 22.3 22.4 22.3
 21.8 21.7 22.3 22.6 22.2 21.3 20.3 19.8 19.9 20.0 19.7 19.6 19.5 19.6 19.7 19.6
 19.3 18.9 18.4 18.1 17.9 18.2 18.4 18.4 18.4 18.4 18.3 18.1 17.5 17.1 16.8 16.9
 17.7 18.2 18.4 18.6 18.4 18.1 17.7 17.2 16.9 17.0 17.6 17.6 17.5 17.9 18.2 19.0
 19.2 19.8 20.7 21.0 21.1 21.6 21.9 21.6 21.8 22.4 22.9 23.7 24.5 25.0 25.2 24.5
 23.8 23.4 23.2 23.0 22.9 22.8 22.8 22.6 21.9 21.7 21.9 22.3 22.5 22.5 22.7 23.1
 23.2 23.2 23.2 23.8 24.7 24.7 24.5 24.7 24.7 25.1 25.9 26.4 26.9 27.2 27.7 27.7
 27.9 28.4 29.0 29.5 29.7 29.7 29.8 29.9 29.5 28.8 28.1 27.8 27.7 27.9 27.6 27.4
 27.3 27.1 27.3 28.0 28.7 29.2 30.1 31.2 31.8 31.5 31.5 32.5 34.3 36.6 38.2 39.0
 39.6 41.2 42.5 43.4 44.4 46.5 49.9 52.4 53.8 53.8 51.8 49.4 47.4 46.3 45.9 45.5
 44.6 43.7 43.4 43.2 42.9 41.8 40.6 39.1 36.8 35.1 33.9 32.8 32.2 32.2 31.8 30.8
 29.7 29.2 28.2 27.0 26.2 24.6 23.3 22.9 22.8 23.3 23.9 23.9 24.0 23.9 24.1 24.8
 25.1 25.4 25.0 24.0 23.3 23.2 22.5 21.8 21.4 21.3 21.8 21.9 21.1 20.4 20.0 19.8
 19.6 19.3 19.0 18.7 18.5 18.0 17.4 17.2 17.4 18.0 18.7 18.8 18.4 18.1 18.1 18.1
 17.7 18.0 17.3 16.5 16.4 17.0 17.7 18.3 18.8 18.6 18.1 17.6 17.1 16.9 17.3 17.4
 17.5 17.9 18.2 19.0 19.2 19.8 20.7 21.0 21.1 21.6 22.0 21.8 22.0 22.3 22.5 23.0
 23.7 25.0 25.7 24.7 24.1 23.8 23.7 23.5 23.1 23.0 22.9 22.4 21.7 21.4 21.4 22.1
 22.8 22.8 22.6 22.9 23.0 23.5 24.5 24.9 24.6 24.2 24.2 24.8 25.5 26.0 26.5 27.3
 27.7 27.8 28.0 27.9 28.0 28.6 29.1 29.6 29.9 29.9 29.9 30.1 30.1 29.6 29.1 29.3
 29.4 29.1 28.7 28.1 27.1 26.5 26.6 26.8 26.9 27.3 27.9 28.5 29.0 29.4 29.9 30.8
 32.7 34.7 35.4 36.4 38.1 39.6 40.9 43.1 45.8 49.2 52.6 55.3 57.5 57.9 54.0 49.3
 48.4 48.3 47.4 45.8 43.9 42.2 41.3 40.9 39.6 38.3 37.7 37.7 37.7 36.6 34.9 33.7
 33.2 32.8 32.0 31.2 30.8 29.6 28.4 28.1 27.4 25.9 25.0 25.0 25.1 25.6 26.3 26.3
 26.2 25.7 25.0 25.3 25.5 24.8 24.4 24.2 23.6 22.9 22.5 21.9 21.0 20.8 21.2 21.3
 21.2 20.8 19.6 18.9 18.9 18.7 18.3 18.1 17.8 17.6 17.2 16.9 17.2 17.7 18.3 18.8
 19.4 19.4 19.1 18.7 18.1 18.1 17.5 16.9 16.5 16.6 17.0 17.8 18.6 18.8 18.4 17.9
 17.3 16.8 17.0 17.2 17.5 17.9 18.2 19.0 19.2 19.8 20.8 21.0 21.0 21.5 22.0 21.9
 22.3 22.4 22.4 22.7 23.1 24.2 24.9 24.7 24.9 24.6 23.8 23.2 23.0 22.9 22.3 21.5
 21.0 21.2 21.1 21.4 22.1 22.1 22.1 22.5 23.0 23.7 23.9 24.1 24.3 24.5 24.6 24.9
 25.1 25.6 26.1 26.6 27.2 27.5 27.8 28.2 28.4 28.5 28.8 28.9 29.0 29.5 29.8 29.9
 30.6 31.4 31.4 31.1 30.4 29.8 28.8 27.7 26.6 26.2 26.7 27.2 27.4 27.5 27.9 28.5
 29.4 30.0 30.3 30.6 31.3 32.4 33.3 34.6 36.5 38.2 39.4 41.2 42.8 44.6 47.3 49.9
 50.9 50.0 48.3 46.8 45.9 45.9 45.6 45.5 44.2 42.3 41.4 41.1 40.5 40.0 39.4 38.4
 37.3 36.0 34.3 33.1 32.5 32.1 31.9 31.6 30.7 29.9 29.2 28.9 28.3 27.6 27.6 27.6
 27.3 28.3 29.1 28.1 27.2 26.7 26.0 25.5 25.6 25.4 24.6 24.3 24.2 23.5 22.2 21.3
 21.1 20.6 20.0 19.8 19.4 18.7 18.2 18.1 18.1 17.9 17.6 17.2 16.7 16.4 16.5 16.2
 16.0 16.3 17.1 18.2 19.4 20.0 19.5 18.8 18.5 18.5 18.1 17.7 17.5 17.5 17.2 17.4
 18.1 18.6 18.5 18.1 17.4 16.7 16.7 17.1 17.4 17.9 18.2 19.0 19.2 19.9 20.8 21.0
 21.0 21.5 22.0 22.0 22.6 22.7 22.4 22.5 22.3 22.5 23.1 23.7 24.0 23.6 23.1 22.7
 22.7 22.7 22.1 21.3 20.6 20.7 20.8 20.9 21.2 21.5 21.8 22.1 22.6 23.1 23.5 23.9
 24.2 24.0 23.5 23.4 23.8 25.0 25.8 26.2 26.4 26.8 27.3 27.5 27.5 27.5 27.3 27.0
 27.0 27.2 27.9 28.6 29.0 29.0 29.0 28.8 28.6 28.4 28.2 28.0 27.6 27.2 27.0 26.9
 26.5 26.1 26.4 27.6 28.2 28.3 29.1 29.4 31.5 37.4 40.0 37.2 37.2 39.2 39.7 39.5
 40.3 42.5 44.5 45.1 45.2 46.2 48.5 51.0 55.5 56.4 49.7 43.0 40.2 38.9 37.9 37.5
 37.4 36.3 34.8 33.6 32.8 32.2 32.0 31.5 30.6 30.1 30.2 29.8 29.2 29.0 28.8 28.5
 28.0 27.8 27.9 27.7 27.0 26.5 26.6 27.2 27.2 26.9 26.3 25.6 24.9 24.2 23.0 22.0
 21.8 21.7 21.1 20.3 19.9 19.8 19.1 18.1 17.6 18.0 17.7 17.1 16.6 16.4 16.2 16.2
 16.1 16.0 15.9 16.1 16.1 15.9 16.3 17.6 19.4 20.3 20.2 19.3 18.7 18.6 18.5 18.5
 18.4 18.2 17.7 17.4 17.7 18.3 18.6 18.2 17.5 16.7 16.6 16.9 17.4 17.8 18.2 19.0
 19.2 19.9 20.9 21.0 20.9 21.5 22.0 22.1 22.9 23.2 22.5 22.1 21.7 21.8 22.3 22.6
 22.6 22.5 22.4 22.2 21.9 22.0 22.1 22.0 21.3 20.5 20.1 20.2 20.6 21.1 21.9 22.4
 22.6 22.6 22.8 22.9 23.0 22.8 22.6 22.7 22.7 23.2 24.0 24.7 25.1 25.2 24.9 24.7
 24.8 25.3 25.9 26.1 25.7 26.1 27.2 28.4 28.3 27.3 27.2 27.6 27.9 28.2 28.0 27.5
 26.8 26.0 25.2 24.6 24.1 24.1 24.0 24.2 24.5 24.9 25.7 27.0 28.7 31.1 33.1 34.4
 35.7 37.0 37.7 37.6 37.5 38.3 40.3 41.4 41.8 42.1 41.3 41.1 41.2 40.9 40.4 39.3
 37.9 37.0 36.4 35.6 34.3 33.1 32.2 31.6 31.2 30.9 30.5 30.0 30.0 30.1 29.6 29.2
 29.0 28.7 28.5 28.1 27.5 27.1 26.9 26.5 26.1 25.6 25.3 25.4 25.6 25.3 24.3 23.2
 22.9 22.8 21.6 20.5 20.2 20.4 20.5 19.8 18.7 18.3 18.0 17.1 16.1 15.8 15.9 15.9
 15.8 15.9 15.8 15.9 16.1 16.3 16.3 16.3 16.1 15.9 16.0 16.8 18.4 19.5 19.6 18.9
 18.4 18.4 18.6 18.9 18.9 18.4 17.9 17.4 17.6 18.3 18.8 18.4 17.5 16.7 16.5 16.9
 17.3 17.8 18.2 19.0 19.2 20.0 20.6 20.9 21.6 22.0 22.1 22.3 22.9 22.8 21.6 21.2
 21.1 21.2 21.5 21.6 21.5 21.4 21.1 20.9 21.0 21.5 22.1 22.1 21.0 20.2 19.9 19.9
 20.2 20.6 21.0 21.4 22.2 22.9 22.4 22.0 21.8 21.8 22.1 22.3 22.0 21.9 21.9 22.3
 23.2 23.9 23.7 23.4 23.4 23.5 23.7 24.0 24.5 24.7 24.7 24.6 25.1 25.6 26.2 26.8
 26.9 27.1 27.3 27.3 27.0 26.6 26.6 26.5 25.9 25.1 24.4 24.0 24.3 25.3 26.6 27.9
 29.4 30.8 31.6 31.8 32.4 33.5 35.2 36.8 37.7 38.9 40.8 43.7 46.5 44.9 42.1 40.4
 39.7 39.1 37.1 34.1 32.3 32.0 32.0 32.0 31.0 30.1 29.9 30.3 30.2 29.6 29.3 28.9
 28.3 27.7 27.3 27.1 27.4 28.1 27.8 27.0 26.4 25.6 25.1 24.8 24.2 23.5 23.2 23.3
 23.5 23.0 22.0 21.1 20.8 20.7 20.2 19.3 18.6 18.3 18.2 17.6 16.8 16.3 16.3 16.0
 15.4 14.9 15.0 15.6 15.8 15.4 15.1 15.1 15.3 15.6 16.1 16.4 16.7 16.6 16.5 16.5
 16.6 17.3 18.3 18.9 18.8 18.7 19.3 20.0 19.9 19.2 18.3 17.7 17.5 17.4 17.9 18.0
 17.7 17.6 17.3 17.3 17.6 17.9 18.6 19.2 19.2 20.0 20.5 20.9 21.6 21.9 22.0 22.0
 22.1 21.8 21.3 21.2 21.1 21.1 21.3 21.5 21.2 20.4 20.1 20.7 21.2 21.4 21.7 22.0
 21.4 21.0 20.6 19.9 19.2 18.7 18.8 19.2 19.7 20.5 21.0 21.1 21.0 21.6 22.3 21.4
 20.6 21.0 21.5 21.7 21.9 22.7 22.9 22.8 22.9 22.8 22.7 22.7 22.8 23.0 23.3 23.1
 22.9 23.3 23.7 24.4 24.9 25.9 27.3 28.2 28.5 28.7 29.1 29.3 29.2 28.9 28.6 27.9
 28.0 28.4 28.8 29.7 30.8 32.2 33.8 33.8 33.1 34.2 36.1 37.3 38.1 39.4 41.8 45.6
 47.7 46.5 45.5 45.0 44.2 42.2 38.4 35.2 33.4 32.0 30.7 30.3 31.1 31.3 30.6 29.8
 29.5 29.3 28.3 27.0 26.4 26.4 26.7 26.7 26.7 26.9 26.8 26.0 25.1 24.6 24.3 23.7
 22.6 22.3 23.2 25.3 24.1 21.0 18.9 17.8 17.7 18.1 18.2 17.6 17.2 17.3 17.3 16.9
 15.9 15.3 15.2 15.3 15.3 15.2 15.0 15.7 15.6 15.0 14.7 14.7 14.8 15.2 15.6 16.1
 16.8 16.8 16.4 16.9 17.5 17.2 17.7 18.6 19.0 19.2 20.0 20.9 20.6 19.5 18.7 18.1
 17.5 17.1 17.2 17.6 17.7 17.7 17.4 17.4 17.7 18.0 18.7 19.3 19.2 20.0 20.4 20.9
 21.6 21.8 21.8 21.6 21.2 21.1 21.1 21.1 21.1 21.0 20.9 20.7 20.2 19.5 19.6 20.2
 20.6 20.9 21.2 21.4 21.8 21.7 20.5 19.2 18.2 17.6 17.6 18.0 18.3 18.6 19.3 19.8
 19.7 19.3 19.2 19.4 19.6 20.0 20.5 20.9 21.1 21.8 21.8 21.1 21.0 21.3 21.4 21.6
 21.7 21.8 22.0 21.7 20.9 21.1 22.3 24.0 25.5 26.8 28.3 29.4 30.1 30.6 31.0 31.5
 32.0 32.0 31.7 31.9 31.7 30.7 30.1 30.3 31.0 32.1 32.7 32.9 33.5 35.2 37.3 39.1
 40.1 40.4 40.9 41.6 41.5 39.7 37.5 35.7 34.6 34.1 33.6 32.8 31.7 30.9 30.9 30.9
 30.8 31.0 30.6 30.2 29.4 28.3 27.5 26.8 26.5 26.3 26.5 26.6 26.0 25.3 25.3 25.5
 25.1 24.1 23.0 21.7 20.6 19.8 19.2 18.9 18.3 17.7 17.3 17.0 16.4 15.7 15.4 15.3
 15.4 15.5 16.0 16.4 15.7 14.9 14.5 14.6 14.7 15.1 15.0 14.9 14.9 14.5 14.3 14.5
 14.5 14.8 15.2 15.6 16.1 16.7 16.7 17.0 17.5 17.3 17.6 18.7 19.8 20.1 20.2 20.4
 20.1 19.5 19.0 18.4 17.6 17.0 16.8 17.3 17.7 17.7 17.5 17.5 17.7 18.1 18.7 19.3
 19.2 19.9 20.3 20.8 21.5 21.6 21.6 21.2 20.7 20.8 21.0 20.9 20.8 20.7 20.2 19.7
 19.4 19.3 19.3 19.5 20.1 20.5 20.6 21.1 21.8 20.9 19.4 18.9 18.4 18.0 17.4 16.9
 16.8 17.0 17.4 17.5 17.5 17.7 18.1 18.1 18.0 18.1 17.9 18.0 18.5 18.9 19.2 19.6
 20.0 19.7 19.6 19.9 20.6 21.2 21.3 20.9 20.6 21.0 23.6 26.4 25.6 25.7 27.1 28.1
 29.2 30.7 32.0 32.6 32.7 32.7 32.6 32.5 32.4 31.6 30.5 29.6 28.8 28.7 29.5 30.7
 32.4 35.3 38.9 41.0 41.0 40.6 41.4 43.9 44.5 42.5 38.9 36.2 34.8 33.2 31.6 31.3
 31.9 32.2 32.0 31.8 31.7 31.4 30.9 29.9 28.8 28.3 27.9 27.4 26.9 26.3 26.0 25.9
 25.8 25.5 24.9 24.4 24.2 23.7 22.8 21.7 20.6 19.8 19.2 18.1 17.1 16.9 16.8 16.5
 16.3 15.8 15.5 15.8 16.7 16.8 15.6 14.7 15.0 15.2 14.9 15.0 15.1 14.9 14.5 14.6
 15.2 15.2 14.5 14.2 14.6 15.1 15.7 16.4 17.0 17.1 16.8 16.9 17.6 17.4 17.2 18.3
 19.9 20.4 19.8 19.3 19.1 19.0 19.0 18.6 17.7 17.0 16.7 17.2 17.7 17.6 17.5 17.6
 17.8 18.2 18.8 19.3 19.2 19.9 20.2 20.8 21.4 21.4 21.3 20.8 20.4 20.7 20.8 20.6
 20.5 20.2 19.6 19.1 19.0 18.9 18.9 19.2 19.7 20.2 20.4 20.3 20.2 19.5 18.8 18.5
 18.1 18.1 17.8 17.1 16.9 16.7 16.6 16.4 16.8 17.2 16.9 16.7 16.9 17.5 18.0 17.5
 16.7 16.5 17.1 17.4 17.4 17.6 17.8 18.3 18.7 19.4 20.3 20.9 21.8 22.4 22.2 21.9
 21.8 22.8 24.0 25.0 26.1 27.2 28.2 29.5 31.3 32.9 33.7 34.0 33.8 33.4 32.9 32.3
 31.5 30.7 31.0 32.3 33.8 36.0 41.0 62.4 95.5 81.9 54.9 46.3 42.5 40.5 39.6 37.9
 34.9 32.5 31.7 32.0 32.4 31.8 30.4 29.5 28.8 28.6 28.9 29.1 29.0 28.3 27.5 26.8
 26.5 26.3 26.2 26.0 25.2 24.1 23.1 22.4 22.6 22.7 22.7 21.9 19.9 19.0 18.6 17.6
 17.2 17.3 16.7 16.0 15.8 15.5 15.2 15.1 15.3 15.4 15.0 14.4 14.2 14.6 15.0 15.0
 14.4 14.0 13.9 13.6 13.7 14.1 14.3 14.4 14.8 15.3 15.6 16.3 17.2 17.4 16.8 16.5
 17.0 17.4 17.2 17.6 19.2 20.3 19.7 18.7 18.4 18.6 19.0 19.0 18.2 17.4 16.8 17.1
 17.6 17.4 17.5 17.7 17.8 18.2 18.8 19.3 19.2 19.8 20.1 20.8 21.3 21.2 21.1 20.5
 20.3 20.6 20.6 20.4 20.2 19.8 19.3 18.8 18.5 18.4 18.9 19.5 19.6 19.6 19.5 19.3
 18.9 18.6 18.3 17.9 17.7 17.5 17.3 17.1 16.6 16.5 16.5 16.2 15.9 15.7 15.6 16.1
 16.7 16.5 16.0 16.1 16.6 16.7 16.8 17.3 17.1 16.9 16.9 17.2 18.1 19.3 20.8 22.0
 22.6 21.9 21.2 21.4 21.3 21.4 22.0 23.0 24.2 25.2 25.8 26.5 27.8 29.4 30.1 30.4
 31.2 32.4 33.5 34.2 34.6 34.9 35.3 35.1 33.8 34.3 37.0 40.5 43.3 45.2 46.7 46.9
 44.6 42.5 41.6 41.1 44.1 48.3 44.3 38.1 34.6 32.9 31.2 29.5 28.5 28.1 27.8 27.4
 26.5 25.9 26.3 26.9 26.9 26.6 25.9 24.6 23.2 22.2 21.5 21.5 21.7 21.5 20.5 18.9
 18.0 18.1 17.2 16.8 16.8 16.5 16.0 15.4 15.2 15.2 14.6 13.9 13.7 14.1 14.3 14.1
 13.8 13.9 14.1 14.1 13.6 13.5 13.2 13.1 13.7 14.1 14.0 14.2 14.8 15.6 16.4 17.0
 17.9 18.1 17.3 16.8 16.7 16.7 16.7 16.9 18.1 19.7 19.8 18.8 18.5 18.9 19.6 19.8
 18.9 17.7 17.0 17.2 17.5 17.3 17.6 17.8 17.9 18.3 18.9 19.4 19.2 19.8 20.1 20.7
 21.2 21.0 20.9 20.3 20.3 20.5 20.4 20.5 20.2 19.7 19.4 19.0 18.5 18.4 18.9 19.3
 19.3 19.1 18.9 18.9 19.1 18.6 17.8 17.9 17.9 17.2 17.0 16.9 16.7 16.8 16.8 16.6
 16.0 15.8 16.1 16.6 16.9 16.8 16.6 16.5 16.1 15.7 15.5 15.2 15.2 15.4 15.8 16.6
 17.8 18.6 18.9 19.0 18.8 18.9 19.0 19.3 20.2 21.3 23.0 24.1 24.3 24.7 25.0 25.3
 26.2 26.8 27.0 27.2 27.6 28.9 31.4 33.6 34.2 34.0 33.4 33.0 34.0 35.5 36.5 37.6
 39.2 41.5 43.3 44.8 46.5 46.4 44.6 42.7 40.9 38.8 36.6 34.5 33.2 32.1 31.8 32.0
 32.3 32.0 30.6 29.1 27.9 26.9 26.5 26.3 25.9 24.5 22.8 21.8 21.2 20.7 21.0 21.4
 20.8 19.7 19.0 18.6 18.5 17.8 17.0 16.7 16.7 16.3 15.7 15.2 14.9 14.4 13.7 13.1
 13.3 13.7 13.6 13.4 13.2 13.2 13.1 13.1 13.2 13.2 12.9 13.2 14.2 14.6 14.3 14.2
 14.5 15.6 16.7 17.5 18.2 18.3 17.5 16.5 16.1 16.1 16.3 16.6 17.5 19.2 19.6 19.1
 18.9 19.4 19.9 19.8 18.9 17.8 17.1 17.2 17.4 17.2 17.6 17.8 18.0 18.4 19.0 19.4
 19.2 19.7 20.2 20.4 20.1 20.1 20.4 20.5 20.8 20.2 20.0 20.3 19.9 19.5 19.3 18.9
 18.6 18.9 19.0 19.0 18.9 18.7 18.6 18.3 17.7 17.1 17.1 17.4 17.4 16.7 16.3 16.3
 16.2 16.2 16.5 16.8 16.5 16.1 15.5 15.8 16.7 16.7 15.9 15.2 15.2 15.0 14.7 15.0
 15.0 15.1 16.1 16.9 16.9 16.6 16.6 16.5 16.5 17.3 18.4 19.5 20.6 22.1 23.7 24.8
 24.9 24.6 24.3 23.7 23.5 23.8 23.8 24.6 26.7 28.4 30.3 32.9 35.5 36.8 36.5 35.5
 34.9 34.6 34.8 35.9 38.0 40.2 42.8 45.2 45.5 44.8 43.6 41.7 39.7 36.8 34.0 33.0
 33.4 34.5 35.6 35.1 33.4 31.9 31.0 30.1 28.4 26.8 25.8 25.1 24.3 24.1 24.3 23.8
 22.5 22.0 21.9 20.8 19.3 18.8 19.1 19.2 18.6 17.3 16.2 16.0 15.9 15.3 14.7 14.3
 14.0 14.0 13.8 13.4 13.3 13.6 13.8 13.7 13.2 12.9 12.7 12.6 12.9 13.5 13.8 13.9
 13.9 14.3 14.8 15.3 15.4 16.1 17.2 17.8 18.0 18.0 17.1 16.1 15.5 15.6 15.9 16.3
 16.9 18.0 18.9 19.3 19.0 19.0 19.3 19.3 19.0 18.3 17.6 17.4 17.3 17.5 18.0 18.1
 18.1 18.4 18.8 19.3 19.2 19.8 20.3 20.5 20.1 20.0 20.2 20.4 20.8 20.2 19.9 20.1
 19.8 19.5 19.1 18.8 18.7 19.0 19.3 19.2 18.8 18.4 17.9 17.6 17.4 18.2 18.3 17.7
 17.3 16.8 16.9 16.8 16.1 15.9 15.9 16.4 16.3 15.7 15.4 15.4 15.5 15.8 15.9 15.8
 15.5 14.9 14.8 15.5 16.4 16.8 16.4 16.4 16.5 16.6 16.7 16.7 17.1 18.1 18.9 19.5
 20.1 21.0 22.1 22.8 22.9 22.9 22.5 22.3 23.3 24.4 24.3 23.9 24.6 27.1 30.4 33.6
 35.1 35.2 35.0 34.7 33.9 33.5 33.6 34.3 36.0 37.5 38.3 39.5 40.7 39.9 37.5 35.6
 34.2 32.5 31.7 31.8 31.8 31.5 30.7 29.5 28.6 28.4 28.1 28.1 28.6 28.3 27.3 26.4
 26.1 26.1 26.2 25.4 24.4 23.7 22.7 21.7 21.2 20.7 20.1 19.7 18.5 17.4 16.7 16.1
 15.3 14.3 14.2 14.3 13.7 13.1 13.1 13.3 13.7 14.1 13.6 12.6 12.6 12.9 13.0 13.4
 14.4 15.0 15.6 15.9 15.2 15.3 15.9 16.2 16.0 16.3 16.5 16.8 17.4 17.6 16.6 15.5
 15.3 15.9 16.7 17.4 17.5 18.0 18.7 19.0 19.0 19.4 19.8 19.9 19.6 18.5 17.7 17.5
 17.5 17.6 18.0 18.1 18.1 18.4 18.8 19.3 19.2 19.8 20.4 20.6 20.1 19.9 20.0 20.2
 20.7 20.4 20.0 20.0 19.8 19.4 19.2 19.0 19.1 19.4 19.7 19.3 18.6 18.4 17.7 16.9
 16.9 17.4 17.4 17.4 17.4 17.1 16.8 16.2 15.5 15.0 15.0 15.2 15.3 15.3 15.2 14.9
 14.6 15.0 15.4 16.2 16.5 16.7 17.7 18.8 18.9 17.6 16.5 16.0 16.1 16.8 17.7 18.9
 19.6 19.8 19.3 19.0 19.9 20.5 20.6 21.2 21.7 21.7 21.9 22.3 23.1 23.8 24.2 25.4
 27.9 30.3 32.3 34.6 37.8 38.1 35.3 33.0 31.4 30.7 30.7 31.8 33.9 35.6 36.5 38.3
 41.1 43.3 43.7 42.2 39.2 35.5 32.6 31.0 29.7 27.5 25.7 25.0 24.6 23.9 23.9 24.2
 24.6 24.4 23.6 23.6 24.3 24.8 24.5 23.7 22.8 21.9 21.0 20.4 20.1 19.7 18.8 18.0
 17.1 16.4 15.8 15.2 14.6 14.2 14.2 14.0 13.7 13.8 14.2 14.9 15.2 14.8 14.1 13.8
 14.0 14.3 14.4 14.9 15.3 15.0 14.7 15.1 15.9 16.9 17.5 17.3 16.6 16.5 16.6 16.7
 17.1 17.2 16.5 15.5 15.4 16.3 17.4 18.4 18.6 18.4 18.6 18.7 19.0 19.6 20.1 20.5
 19.9 18.6 17.8 17.6 17.6 17.7 18.0 18.1 18.2 18.5 18.8 19.3 19.2 19.8 20.4 20.7
 20.1 19.9 19.9 20.0 20.4 20.4 20.1 20.1 19.8 19.4 19.3 19.3 19.2 19.3 19.6 19.3
 18.8 19.0 18.4 17.2 16.7 16.7 16.9 16.9 16.8 16.8 16.0 14.9 13.9 13.7 14.1 14.3
 14.7 15.4 15.8 15.5 15.3 15.4 15.9 16.8 17.3 17.8 17.6 17.0 16.6 16.1 15.9 16.4
 17.4 18.4 18.8 18.9 18.9 18.9 19.2 19.5 19.5 20.2 20.5 20.1 19.9 20.1 21.1 23.1
 25.2 29.1 38.3 42.2 37.3 35.8 34.9 33.7 34.5 34.7 32.0 29.7 28.6 28.4 28.6 29.5
 31.7 35.0 38.3 43.0 47.0 44.1 40.6 40.1 39.1 37.1 34.4 31.2 28.8 27.4 26.3 25.4
 24.3 22.9 21.5 20.4 19.7 19.1 19.2 19.5 19.7 20.0 20.0 20.1 19.7 19.0 18.5 18.2
 18.1 17.7 17.0 16.7 16.9 16.6 16.0 15.3 14.7 14.6 14.6 14.6 14.6 14.5 14.7 15.0
 14.9 14.6 14.3 14.4 14.6 14.6 14.7 15.6 16.0 15.5 15.6 16.2 16.9 17.4 17.6 17.4
 16.9 17.0 16.9 16.7 16.8 17.1 16.6 15.9 15.9 16.8 18.0 19.0 19.1 18.7 18.7 18.7
 19.1 19.5 20.0 20.5 20.0 18.7 17.8 17.7 17.8 17.8 18.0 18.2 18.3 18.6 18.8 19.4
 19.2 19.8 20.5 20.8 20.1 19.8 19.7 19.7 20.1 20.2 20.1 20.3 19.9 19.5 19.3 19.1
 19.1 19.2 19.5 19.3 18.8 18.5 18.1 17.6 17.0 16.5 16.3 16.3 17.0 16.7 15.8 15.1
 14.5 14.7 15.2 15.9 16.1 15.8 15.5 15.3 15.2 15.3 15.6 16.2 16.5 16.7 16.7 16.3
 16.0 15.8 16.0 16.4 17.0 17.7 17.9 17.7 17.7 18.4 19.3 20.1 20.3 20.1 19.8 19.5
 19.2 20.0 21.8 24.3 26.7 28.1 28.9 29.9 31.2 32.3 32.0 30.9 29.9 28.4 26.7 26.2
 26.7 27.4 28.4 30.2 32.8 35.5 37.2 38.3 39.9 40.9 38.6 35.8 33.5 31.6 29.8 28.2
 27.0 26.2 25.0 23.6 22.5 21.8 21.2 20.6 19.9 18.9 18.2 17.8 17.9 18.0 17.7 17.6
 17.3 17.1 16.9 16.5 15.9 15.4 15.5 16.2 16.4 16.3 16.2 16.1 15.9 15.7 15.6 16.0
 16.4 16.6 16.3 15.7 15.1 14.8 14.7 14.7 14.6 14.8 15.8 16.9 16.9 17.0 17.4 17.8
 18.1 18.6 18.8 18.2 17.7 17.4 17.1 17.0 17.3 17.5 17.1 16.8 17.5 18.7 19.2 19.5
 19.4 19.3 19.3 19.1 19.2 19.6 20.1 20.4 20.2 18.8 17.8 17.8 18.1 18.0 18.1 18.3
 18.4 18.6 18.8 19.4 19.2 19.8 20.6 20.9 20.1 19.9 19.7 19.5 19.8 20.0 20.1 20.2
 20.0 19.4 19.1 18.9 19.0 19.3 19.4 18.8 18.4 18.0 17.3 16.9 16.7 16.5 16.3 16.3
 16.8 16.4 15.9 15.5 15.1 15.1 15.4 16.1 16.2 15.7 15.3 14.9 14.4 15.0 15.2 15.4
 15.3 15.2 15.7 15.8 15.2 15.6 16.3 17.2 18.0 18.3 18.4 18.5 18.6 18.7 19.1 19.0
 18.4 17.8 17.7 18.1 18.8 19.7 21.0 22.5 23.9 24.3 24.8 25.9 27.2 27.7 27.9 27.9
 27.5 26.7 25.8 25.5 26.7 30.5 33.9 33.6 33.5 34.4 35.7 37.1 37.9 37.4 36.5 34.4
 30.3 26.8 24.6 23.0 22.2 21.7 21.2 21.0 21.4 21.5 20.4 19.5 19.1 18.5 18.3 18.0
 17.2 16.6 16.5 17.0 17.4 16.8 15.7 14.9 14.6 14.5 14.6 15.0 15.3 15.2 15.1 15.1
 14.6 14.3 14.4 14.9 15.2 15.3 15.1 14.7 14.6 15.0 15.3 15.7 16.4 17.2 17.6 17.6
 17.6 18.1 18.6 18.9 19.0 19.1 18.8 17.9 17.5 17.4 17.3 17.7 18.1 17.8 17.4 17.7
 18.3 18.9 19.4 19.7 19.3 19.0 19.0 18.9 19.1 19.6 20.2 20.6 20.4 18.9 18.0 18.1
 18.4 18.2 18.2 18.4 18.6 18.7 18.8 19.4 19.2 19.8 20.6 20.9 20.2 19.9 19.6 19.3
 19.5 19.9 20.0 20.0 19.8 19.5 19.0 18.7 18.7 19.1 19.3 18.7 18.6 18.3 17.3 16.7
 16.5 16.2 16.0 16.3 16.5 16.2 15.7 15.6 16.0 16.2 16.3 16.4 15.6 14.4 13.8 13.2
 13.5 14.6 15.3 15.9 16.2 15.9 15.2 14.6 14.9 15.6 16.5 17.3 17.5 18.0 18.5 18.8
 18.7 17.8 17.3 17.1 16.8 16.4 16.6 17.3 18.4 20.1 21.6 22.1 22.4 22.9 24.0 25.2
 25.6 25.8 26.1 25.7 24.9 24.8 25.7 27.4 28.8 29.7 31.0 32.7 33.5 33.8 34.3 34.8
 35.2 34.7 32.7 30.2 27.8 26.1 25.6 25.0 23.9 23.1 22.1 21.3 20.6 19.9 19.3 18.7
 18.0 17.7 17.4 16.9 16.8 17.2 17.3 17.2 17.1 16.1 14.8 14.3 14.7 15.0 15.0 14.8
 14.3 14.2 13.9 13.5 13.1 13.2 13.7 14.2 14.2 13.9 14.2 14.7 15.5 16.9 18.1 18.0
 18.5 18.2 17.4 17.0 17.2 18.3 19.1 19.6 19.4 18.6 17.6 17.0 16.8 16.8 17.1 18.0
 18.7 18.2 18.0 18.5 18.7 19.1 19.6 19.7 19.2 18.8 18.8 18.8 19.1 19.5 20.0 20.6
 20.5 18.9 18.2 18.5 18.6 18.3 18.3 18.5 18.7 18.7 18.8 19.4 19.2 19.9 20.7 21.0
 20.2 20.0 19.7 19.2 19.4 19.8 19.9 19.7 19.7 20.0 19.4 18.7 18.5 18.7 19.0 18.7
 18.4 18.0 17.2 16.8 16.4 16.4 16.3 16.4 16.3 16.0 15.6 15.6 15.8 15.9 15.9 15.7
 15.0 14.0 13.8 14.9 15.6 14.7 14.8 15.0 15.1 14.9 14.6 15.2 15.6 15.7 16.3 16.5
 16.4 16.8 17.2 17.4 16.8 15.7 15.6 15.9 15.5 15.9 16.3 17.0 18.0 18.5 19.2 20.3
 21.4 22.2 23.2 24.1 24.2 23.2 22.8 23.8 25.2 26.3 27.5 29.0 30.0 30.2 30.4 31.4
 33.0 33.5 33.5 35.6 38.5 38.1 35.9 33.8 32.4 32.2 32.1 31.0 28.9 27.3 25.9 23.7
 21.3 20.4 19.8 19.0 17.8 16.8 16.5 16.6 16.7 16.5 16.3 16.0 15.7 15.1 14.8 14.9
 14.8 14.4 13.9 13.6 13.2 13.2 13.2 12.9 12.9 13.1 13.2 13.8 14.3 14.7 15.1 15.4
 15.9 16.1 15.9 16.2 16.5 16.1 15.6 16.2 16.9 17.2 17.7 18.1 18.1 17.5 17.1 17.4
 17.5 17.9 18.5 18.7 18.7 18.3 18.0 18.4 18.9 19.5 19.8 19.5 19.0 19.0 18.9 19.3
 19.6 19.6 19.7 20.1 20.0 18.7 18.1 18.6 18.7 18.4 18.3 18.6 18.9 18.8 18.8 19.4
 19.2 19.8 20.3 20.6 20.5 20.1 19.7 19.7 19.8 19.6 19.8 20.0 19.8 20.5 20.7 20.4
 19.9 19.4 19.4 18.9 18.1 17.8 17.1 16.6 16.5 16.6 16.5 16.6 16.4 16.1 16.0 16.0
 15.8 15.8 15.3 14.7 14.1 13.7 14.0 14.2 13.5 13.6 14.0 14.7 15.5 15.5 15.4 15.7
 16.5 17.3 18.6 20.2 19.0 17.2 16.4 15.8 15.1 14.2 13.8 14.0 14.7 15.5 16.4 17.1
 17.3 17.6 17.7 18.1 18.9 19.4 20.0 20.5 20.5 20.5 21.1 22.3 24.5 27.1 28.7 28.8
 27.9 27.7 28.6 29.6 30.8 31.9 32.6 33.1 33.4 33.1 32.3 30.6 28.6 27.3 26.9 26.7
 26.1 25.2 24.3 23.0 21.5 20.6 20.2 20.0 19.5 18.5 16.8 15.9 15.9 16.3 16.6 16.0
 15.8 15.6 14.6 13.8 13.6 13.5 13.4 13.4 13.3 13.2 13.3 13.7 13.4 13.0 13.5 14.3
 15.0 15.4 15.4 16.0 17.4 16.7 15.1 14.6 14.2 14.4 14.9 15.5 16.0 16.5 17.0 17.1
 17.2 17.4 17.7 18.3 19.0 19.4 19.3 19.0 18.0 17.2 17.4 18.0 18.4 19.2 19.7 19.6
 19.3 19.2 19.2 20.5 21.2 20.4 20.1 19.9 19.3 18.4 17.8 18.2 18.3 18.1 18.3 18.5
 18.7 18.8 19.3 19.9 19.2 19.8 20.2 20.5 20.5 20.1 19.8 19.8 19.9 19.7 19.9 20.1
 19.8 19.9 20.6 20.8 20.1 19.3 19.3 18.8 18.0 17.5 17.1 16.7 16.3 16.4 16.4 16.5
 16.2 15.9 15.7 15.3 15.1 15.5 15.7 15.2 14.6 14.3 14.3 14.0 13.6 13.7 14.2 14.6
 14.4 14.2 14.6 14.9 15.4 16.5 16.7 16.1 16.6 17.6 17.2 16.1 15.7 15.4 14.9 14.9
 15.1 15.9 16.7 17.0 17.2 17.1 16.8 17.1 17.4 17.1 16.8 17.2 18.2 19.5 20.2 21.0
 22.5 24.2 26.0 26.7 26.6 26.5 26.9 28.3 30.1 31.8 33.5 34.6 35.5 36.8 37.2 36.0
 34.0 31.5 29.3 27.6 26.8 26.0 24.4 22.6 21.2 20.9 20.6 18.7 17.3 16.9 16.7 17.0
 17.7 17.7 17.3 16.6 15.6 14.8 14.6 14.7 14.4 13.8 13.5 13.5 13.4 13.7 13.6 13.4
 13.5 14.2 14.6 15.2 15.7 15.5 15.1 14.8 14.5 14.3 14.1 14.2 15.7 16.3 15.0 14.8
 15.0 15.4 15.9 16.4 17.1 17.7 18.2 18.0 18.0 18.1 18.2 17.7 17.1 17.3 17.8 18.0
 18.6 19.0 18.9 18.7 18.4 18.6 19.4 20.8 21.0 20.4 20.2 19.9 19.5 18.9 18.4 18.4
 18.4 18.2 18.3 18.5 18.7 18.8 19.3 19.9 19.2 19.8 20.2 20.4 20.4 20.1 19.9 19.9
 19.9 19.8 20.0 20.3 20.0 19.7 20.2 20.1 19.2 18.8 19.1 18.9 18.4 18.0 17.5 17.1
 16.6 16.6 16.7 16.5 16.4 16.6 16.3 15.8 16.1 17.3 17.1 16.2 15.6 15.1 15.2 14.9
 13.9 13.5 13.8 14.6 14.4 14.3 14.9 15.2 15.4 16.1 16.5 16.3 16.0 16.2 16.3 16.3
 16.0 15.3 15.2 15.4 15.4 15.4 15.2 15.8 16.0 15.7 16.0 16.0 15.3 14.6 14.8 16.1
 17.4 19.0 21.1 22.9 24.0 24.7 25.5 26.7 28.5 29.2 27.8 26.7 27.1 29.3 31.8 33.5
 35.0 35.2 35.4 36.0 36.2 35.0 31.4 28.4 27.0 25.9 24.2 22.0 20.1 19.2 18.9 18.8
 18.9 19.5 20.4 20.2 18.7 17.1 16.3 16.0 15.5 15.0 14.8 14.6 13.9 13.1 12.8 13.1
 13.4 13.7 14.0 14.2 14.1 14.3 15.0 16.0 16.5 16.1 14.9 14.3 14.1 13.6 13.1 13.4
 14.2 14.7 14.4 14.6 15.3 15.5 15.5 15.5 15.7 16.2 17.1 17.3 17.0 16.6 16.0 16.1
 17.2 18.1 18.6 19.2 19.6 19.2 18.3 17.7 17.9 19.0 20.8 22.3 21.3 20.2 20.0 19.8
 19.5 19.2 18.7 18.6 18.5 18.3 18.4 18.5 18.7 18.8 19.4 20.0 19.2 19.8 20.2 20.4
 20.3 20.1 20.0 20.0 19.8 19.8 20.1 20.5 20.1 19.7 19.9 19.7 19.1 19.0 19.1 19.0
 18.4 18.1 17.7 17.6 17.3 17.2 17.1 16.6 16.5 16.5 16.4 17.4 29.8 53.8 44.5 22.1
 16.0 15.2 15.1 14.9 14.5 14.1 13.8 13.9 14.2 14.9 15.7 15.8 15.5 16.0 16.3 16.1
 15.9 16.1 16.4 16.2 16.9 18.7 17.3 15.3 15.3 15.5 16.1 16.5 16.6 16.7 16.9 16.1
 15.8 16.5 16.7 16.9 17.9 19.1 20.1 20.8 21.3 22.1 23.4 24.4 24.8 25.0 26.1 28.4
 30.8 33.0 34.0 33.6 34.2 34.9 33.1 30.7 29.6 28.5 27.0 26.3 25.9 25.1 23.7 21.6
 20.2 20.2 20.4 20.1 19.6 18.7 18.3 18.3 18.7 18.9 18.1 16.9 16.0 15.4 15.1 14.8
 14.4 14.2 14.1 14.5 15.1 15.7 15.6 15.9 16.6 16.5 16.1 15.8 15.7 15.6 15.5 15.0
 14.1 13.7 14.1 14.7 14.6 14.4 14.6 14.8 14.5 14.7 15.4 15.8 15.7 15.8 16.1 16.2
 16.5 16.8 17.2 17.7 18.2 18.8 19.8 20.4 19.9 18.9 18.4 18.4 18.9 19.7 20.4 20.9
 20.4 19.8 19.5 19.4 19.4 19.3 18.9 18.8 18.7 18.4 18.4 18.5 18.7 18.8 19.5 20.0
 19.2 19.8 20.2 20.3 20.3 20.1 20.1 20.0 19.7 19.7 20.1 20.5 20.3 19.7 19.5 19.4
 19.0 18.8 18.6 18.6 18.9 19.1 18.3 18.0 17.9 17.3 17.1 16.9 16.7 16.3 16.1 16.3
 17.3 18.9 18.9 17.6 16.6 15.6 15.0 14.7 14.5 14.4 14.8 15.4 15.7 15.8 15.6 15.9
 16.1 16.1 16.0 16.1 16.3 16.4 16.8 16.6 15.7 15.1 15.2 15.6 15.8 16.2 16.0 16.0
 16.5 16.5 16.8 17.7 18.6 18.6 18.7 18.8 19.3 19.8 20.0 20.5 21.5 23.1 24.2 24.1
 24.3 24.8 25.4 26.8 28.8 30.3 31.3 31.3 30.3 29.7 30.4 29.5 27.9 26.7 24.8 23.4
 22.9 22.6 22.5 22.7 22.7 21.5 20.7 19.6 18.2 17.6 17.1 16.9 16.9 16.7 16.3 15.9
 15.4 15.8 18.0 21.0 19.0 16.7 16.4 16.6 17.0 18.2 19.3 19.2 18.3 17.7 17.5 17.4
 17.1 16.4 15.5 14.8 14.5 14.5 15.0 15.4 15.4 15.3 15.2 15.6 16.2 16.5 16.7 16.7
 16.4 16.3 16.7 17.2 17.3 17.2 17.5 18.2 18.8 19.5 20.6 21.0 20.3 19.4 19.1 19.3
 19.4 19.5 19.4 19.2 19.1 19.1 18.9 18.9 19.2 19.4 19.1 19.0 18.8 18.5 18.4 18.5
 18.7 18.8 19.5 20.1 19.2 19.8 20.2 20.2 20.2 20.1 20.2 20.0 19.6 19.6 20.0 20.2
 20.2 19.9 19.4 19.1 18.9 18.7 18.3 18.5 19.0 19.1 18.5 18.3 18.4 17.5 16.7 16.7
 16.7 16.4 16.2 16.5 16.7 16.8 17.3 17.2 16.6 15.8 15.4 15.3 15.4 15.4 15.5 16.2
 16.6 16.2 15.8 15.9 16.6 16.4 15.4 15.5 16.0 16.4 17.0 17.4 16.8 16.1 15.9 15.6
 15.5 16.3 16.3 16.0 16.4 17.0 17.9 18.6 18.7 18.7 19.0 19.3 19.6 19.9 20.3 21.0
 21.1 21.2 22.4 24.6 27.1 29.2 30.1 31.4 33.0 34.7 35.5 33.2 30.0 28.2 27.9 29.0
 29.9 29.6 28.3 27.1 26.0 25.3 25.7 26.5 25.6 23.2 21.3 19.4 17.9 17.2 16.8 16.3
 15.8 15.4 15.5 15.8 16.3 17.2 18.4 19.0 19.1 19.3 19.7 19.8 19.4 19.3 18.9 18.5
 18.3 18.4 18.2 17.9 17.5 16.7 16.2 15.9 16.1 16.8 17.6 17.6 17.2 16.9 17.1 17.3
 17.4 17.4 17.1 17.0 16.9 17.1 17.4 17.3 17.2 17.5 18.2 18.7 18.9 19.3 19.9 20.1
 19.5 19.1 19.0 19.0 19.0 18.7 18.3 18.0 17.9 18.2 18.2 18.4 19.1 19.6 19.2 18.9
 18.8 18.5 18.3 18.6 18.7 18.8 19.6 20.1 19.2 19.8 20.2 20.1 20.1 20.0 20.2 20.1
 19.5 19.5 19.8 19.8 20.0 20.0 19.4 18.7 18.4 18.2 17.9 18.3 18.8 18.7 18.3 18.2
 18.4 17.9 17.0 16.9 16.8 16.7 16.4 16.3 16.2 16.5 17.2 17.1 16.4 15.8 15.9 15.9
 15.7 15.7 16.1 16.9 16.9 16.5 16.2 16.2 16.6 16.3 15.9 16.0 16.1 16.9 22.4 35.0
 31.8 20.1 17.1 16.8 17.3 17.1 16.7 17.3 18.4 19.2 20.2 20.7 21.1 21.7 22.4 22.8
 22.8 23.2 24.2 25.2 25.3 25.6 26.8 28.5 30.7 34.3 37.3 37.5 36.7 36.7 35.8 33.3
 31.6 31.3 30.8 30.0 30.4 32.1 33.5 32.8 31.8 30.9 29.4 27.3 25.6 25.2 25.1 24.5
 21.2 17.5 16.2 16.2 16.5 17.1 18.0 18.6 19.4 20.5 21.4 21.5 20.7 19.6 19.1 19.0
 18.8 19.0 19.0 19.5 20.1 20.0 19.1 18.7 18.9 19.1 19.2 19.5 20.0 19.9 19.5 19.3
 19.0 18.4 17.7 17.5 17.6 17.1 16.6 16.6 16.7 17.0 17.4 17.7 17.9 18.2 18.2 17.9
 17.8 18.0 18.2 18.3 18.1 18.4 18.6 18.7 18.7 18.1 17.5 17.1 17.0 17.3 17.5 18.0
 19.0 19.5 19.1 18.9 18.9 18.6 18.4 18.6 18.7 18.8 19.7 20.2 19.2 19.9 20.1 19.5
 19.1 19.2 19.7 20.5 20.2 19.4 19.4 19.7 20.6 21.0 19.8 18.6 18.1 17.9 17.4 17.3
 17.6 18.2 18.2 17.9 18.1 18.2 17.9 17.3 16.9 16.8 16.8 17.0 17.1 16.8 17.2 17.5
 17.0 16.5 16.4 16.4 16.3 16.6 16.2 16.1 16.2 16.0 16.2 16.7 17.3 17.5 17.3 16.6
 16.4 17.6 19.1 18.4 17.6 17.8 17.9 18.1 18.5 18.1 17.8 18.4 19.1 19.4 18.9 18.8
 20.1 21.6 21.5 20.8 21.3 22.7 23.4 23.4 23.4 24.3 25.0 26.1 28.2 29.1 29.0 28.9
 30.0 32.8 37.2 40.4 40.4 39.7 39.5 38.1 35.4 33.1 32.7 33.8 35.1 34.8 32.9 30.0
 27.4 26.4 26.0 24.7 23.2 21.7 20.3 19.5 18.8 18.3 18.0 17.5 17.1 16.9 17.7 18.7
 18.6 18.3 18.0 18.1 18.5 18.7 18.7 18.4 18.2 18.1 17.9 18.5 18.8 18.5 18.3 17.8
 17.6 18.1 18.2 17.8 17.0 16.5 16.4 16.6 17.1 17.9 17.5 16.5 16.4 17.0 17.5 17.8
 17.8 18.0 18.0 17.4 17.3 17.8 18.1 18.2 18.5 18.8 18.9 19.5 19.7 19.0 18.3 17.5
 17.0 16.8 17.1 17.9 18.4 18.5 18.5 19.1 19.5 18.9 18.7 18.8 19.0 19.5 20.2 20.4
 19.2 19.9 20.0 19.5 19.0 19.2 19.6 20.5 20.3 19.5 19.4 19.9 21.4 22.3 20.4 18.7
 17.9 17.7 17.7 17.5 17.5 18.3 18.4 18.1 18.1 18.3 18.2 17.9 17.3 17.5 17.9 18.2
 18.3 18.2 17.8 17.5 17.5 17.6 17.9 17.9 17.4 17.1 17.0 16.9 17.2 17.5 17.5 17.7
 17.7 17.5 17.6 17.2 16.9 17.1 17.3 17.2 17.5 18.2 18.4 18.1 18.1 17.6 17.2 17.5
 18.3 18.2 17.0 16.9 17.0 16.7 16.9 18.0 18.9 19.5 20.9 23.4 25.8 26.4 26.2 27.0
 28.4 28.9 29.4 31.5 36.5 47.6 69.8 77.6 63.1 56.4 54.8 51.5 45.4 40.0 37.1 36.4
 37.4 36.9 34.4 32.4 31.8 32.0 32.3 32.0 31.5 30.4 28.2 25.9 23.4 21.5 20.3 19.6
 18.9 18.2 17.5 17.5 18.1 18.0 17.0 16.7 16.9 17.3 17.6 18.2 19.1 20.0 19.9 19.2
 18.8 18.6 18.4 18.2 18.2 18.3 17.9 17.9 18.2 18.6 19.0 18.7 17.7 17.3 17.4 17.3
 17.3 17.8 18.1 18.2 17.8 17.1 17.1 17.5 17.9 18.3 18.7 19.0 19.0 18.9 19.1 19.2
 19.3 19.2 18.6 17.7 17.3 17.2 17.5 18.1 18.1 18.0 18.3 19.0 19.3 19.0 18.9 18.9
 19.1 19.6 20.2 20.3 19.2 19.8 20.0 19.5 19.0 19.2 19.6 20.4 20.5 19.8 19.5 20.2
 21.6 21.9 20.2 18.8 17.9 17.6 17.8 17.9 17.4 17.6 18.1 18.3 18.1 18.2 18.3 18.2
 18.2 18.3 18.7 18.9 19.2 19.1 18.5 18.2 18.2 18.0 18.2 18.9 18.8 18.9 18.6 18.1
 17.9 18.3 18.5 18.7 18.8 17.9 16.5 15.4 15.3 16.5 18.0 19.0 18.9 18.6 17.9 17.2
 17.0 17.0 17.5 18.6 19.8 19.6 18.2 17.5 16.7 16.5 17.1 17.7 18.9 21.0 22.5 23.8
 25.8 28.0 29.9 31.8 34.0 36.2 38.5 46.7 60.8 87.0148.8189.8159.4127.8110.0 82.5
 58.3 45.9 40.2 37.3 36.2 35.9 35.7 34.9 34.3 34.8 35.6 36.6 36.8 35.3 32.5 29.8
 27.9 26.7 26.2 25.4 24.2 22.6 21.0 19.4 18.1 17.4 17.0 17.0 16.9 17.6 18.8 19.5
 19.5 19.3 19.0 18.8 18.7 19.1 19.9 19.9 19.7 20.1 21.1 21.1 20.1 18.9 18.6 18.8
 18.7 18.9 19.7 19.8 18.9 18.8 18.9 19.0 18.8 18.4 18.1 18.2 18.8 19.0 18.7 18.5
 18.7 18.9 18.9 18.8 18.7 18.9 18.5 17.9 17.8 17.8 17.8 17.9 17.6 17.6 18.1 18.8
 19.2 19.3 19.1 19.0 19.2 19.6 20.2 20.3 19.2 19.8 19.9 19.4 19.0 19.2 19.6 20.3
 20.8 20.3 19.9 20.4 21.1 20.6 19.5 18.7 17.9 17.4 17.4 17.6 17.6 17.4 17.5 17.5
 17.5 18.3 19.5 19.8 19.4 19.2 19.0 19.5 20.2 19.9 19.5 19.6 20.0 19.9 19.5 19.6
 19.9 19.8 19.3 18.3 17.5 17.2 17.5 17.3 16.9 17.0 17.0 16.3 15.5 15.5 15.6 15.6
 15.7 16.1 16.2 16.3 16.3 16.6 17.3 17.7 17.4 17.0 17.0 16.9 17.3 17.0 16.3 16.5
 17.1 18.1 20.5 22.6 23.1 23.7 26.3 30.2 33.8 36.0 37.5 39.9 43.4 47.3 52.3 61.5
 80.5 91.1 70.0 51.7 44.2 39.9 37.1 34.6 32.3 30.8 30.4 31.4 32.5 33.6 33.7 31.7
 29.6 28.9 28.3 27.5 26.5 25.4 24.4 22.7 21.3 20.9 21.5 22.2 22.4 22.3 22.1 21.4
 20.6 20.0 19.3 18.9 19.7 20.6 20.7 20.6 21.2 22.2 22.4 22.1 21.1 20.1 19.8 19.4
 18.9 18.7 18.6 18.6 18.9 19.5 20.2 20.6 20.6 20.5 20.5 20.4 20.5 20.6 19.9 19.2
 18.8 18.8 18.4 17.8 17.9 18.1 18.1 18.1 18.4 18.9 19.0 18.8 18.4 18.1 17.6 17.7
 17.6 17.7 18.1 18.6 19.0 19.5 19.3 19.1 19.3 19.7 20.1 20.3 19.2 19.8 19.8 19.3
 18.9 19.2 19.7 20.4 21.1 21.0 20.5 20.5 20.7 20.0 19.2 18.7 17.8 17.3 17.2 17.3
 17.5 17.6 17.3 17.1 17.1 18.0 19.2 19.2 18.9 19.5 20.2 20.3 19.8 19.5 20.4 21.6
 21.3 20.8 21.1 21.1 20.2 19.6 18.8 18.0 17.4 17.0 16.6 16.5 16.4 16.8 16.9 15.8
 15.3 15.8 16.9 17.6 17.5 17.9 18.3 18.0 17.2 16.7 16.4 16.6 16.6 16.8 17.2 18.1
 18.5 17.7 17.0 17.3 18.6 20.1 20.5 20.2 20.3 21.8 24.4 26.5 27.0 27.4 28.5 29.8
 31.8 35.7 41.0 48.1 57.8 61.4 55.7 49.3 43.0 37.6 34.2 32.5 31.4 31.1 31.1 30.5
 29.2 27.7 26.1 24.9 23.7 22.1 21.1 20.7 20.8 21.1 21.3 20.8 19.8 19.6 20.0 20.6
 20.1 19.1 18.7 18.9 19.2 19.3 18.4 17.5 17.4 17.6 17.5 18.0 18.4 18.3 18.3 18.1
 17.8 17.9 18.2 18.9 19.2 19.1 19.1 19.4 19.8 19.6 19.4 19.7 20.0 20.2 20.1 19.8
 19.6 19.2 18.5 17.9 17.6 17.5 17.2 16.6 16.6 16.8 16.9 17.2 17.4 18.0 18.7 18.9
 18.7 18.4 17.8 17.8 18.0 18.1 18.2 18.3 18.7 19.4 19.3 19.2 19.4 19.7 20.1 20.2
 19.2 19.8 19.8 19.3 18.9 19.2 19.8 20.5 21.2 21.4 21.1 20.9 20.6 19.7 19.2 19.2
 18.7 17.6 17.4 17.8 18.1 17.9 17.6 17.6 18.0 18.3 18.3 18.3 18.9 19.5 19.7 19.9
 19.8 19.8 21.2 22.6 22.2 21.3 21.0 20.8 20.1 19.1 18.2 17.6 17.2 16.9 16.6 16.5
 17.4 17.8 16.9 16.5 17.2 18.7 20.8 22.3 24.7 25.9 23.7 20.2 17.6 16.7 16.3 16.0
 15.8 16.3 17.2 17.9 18.4 18.9 19.1 19.8 20.1 19.5 19.4 20.0 21.1 22.5 23.6 25.0
 27.5 29.9 31.3 33.1 35.0 37.4 41.2 45.3 49.9 52.5 50.2 45.9 41.9 38.0 34.8 32.5
 30.4 28.5 27.1 27.0 27.3 27.0 26.4 24.8 23.9 22.6 21.1 20.3 19.6 19.0 18.6 18.5
 19.1 20.0 20.3 19.9 18.8 17.7 16.8 16.4 16.3 16.1 15.5 15.1 15.3 15.3 15.0 14.9
 15.6 16.9 18.6 20.1 20.9 21.6 22.5 23.0 22.6 21.5 20.4 19.8 20.0 20.5 20.3 19.8
 19.4 18.9 17.8 17.0 17.0 17.2 17.0 16.6 15.9 15.6 16.1 16.4 16.1 16.4 16.8 17.1
 17.4 18.2 18.4 19.3 22.7 23.3 19.6 18.3 18.4 18.5 18.2 18.1 18.5 19.2 19.2 19.3
 19.6 19.8 20.1 20.2 19.2 19.7 19.7 19.2 18.9 19.2 19.9 20.6 21.2 21.4 21.4 21.2
 20.8 20.0 19.4 19.2 18.7 17.9 17.6 17.9 17.9 17.7 17.8 18.0 18.0 17.9 17.7 17.3
 16.9 17.1 18.0 19.2 19.8 20.5 21.7 22.4 22.4 21.9 21.7 21.8 21.2 20.1 18.6 17.5
 16.8 16.8 17.2 17.6 18.8 20.4 19.1 18.0 18.6 20.1 23.4 28.0 33.8 41.8 51.3 43.9
 24.5 17.9 16.7 16.1 16.0 16.4 17.0 17.6 18.3 19.0 19.0 18.2 18.2 18.8 19.9 20.6
 21.3 22.2 23.0 24.0 25.6 27.9 30.0 32.7 36.7 41.9 48.1 55.4 65.3 71.8 67.1 57.9
 49.2 41.8 36.6 33.1 31.1 30.7 30.8 30.6 30.1 28.4 26.9 25.6 24.5 23.6 23.1 21.7
 20.0 18.8 18.5 18.7 18.5 18.3 18.8 19.6 19.7 19.2 18.5 17.6 16.9 16.9 16.8 16.4
 16.1 16.3 16.7 17.1 17.8 18.9 19.7 20.5 21.0 21.0 21.0 21.1 20.6 20.4 20.5 20.3
 20.6 20.7 20.2 19.6 19.4 19.3 19.5 19.2 18.7 18.1 17.8 17.4 17.1 17.0 17.5 18.2
 19.0 21.1 20.3 18.5 18.6 19.0 19.4 27.6 53.7 52.8 26.8 19.1 18.9 19.0 18.3 18.0
 18.2 18.8 19.1 19.4 19.6 19.8 20.0 20.2 19.2 19.7 19.6 19.2 18.8 19.2 19.9 20.7
 21.1 21.2 21.4 21.2 21.1 20.7 19.8 18.9 18.1 17.5 17.2 17.2 17.2 17.1 17.1 17.3
 17.3 17.6 18.2 18.4 17.9 17.4 17.8 18.8 19.7 20.9 22.1 22.6 22.4 22.5 22.5 21.8
 20.6 19.8 19.0 18.8 18.5 18.1 18.1 18.1 17.9 18.2 18.4 18.6 18.8 19.4 20.5 21.6
 22.8 23.6 23.0 21.4 19.4 18.3 17.6 17.4 17.7 18.4 19.1 19.8 20.2 19.7 19.2 18.6
 18.2 18.4 19.2 19.6 20.0 20.1 20.2 20.9 22.2 24.6 27.7 31.1 34.7 39.9 48.5 66.2
105.4158.1153.9 95.7 61.9 49.0 43.1 40.3 37.2 33.3 30.1 27.9 26.6 25.5 24.0 22.8
 22.6 22.8 22.8 23.1 23.0 22.2 21.3 21.2 22.1 22.8 23.4 23.8 23.7 23.3 22.4 21.1
 19.8 19.3 18.7 18.1 18.0 17.9 17.9 17.7 17.5 17.5 17.9 18.4 19.0 19.8 20.5 21.2
 21.8 22.7 23.2 23.4 23.0 22.2 22.0 22.2 22.6 22.8 23.1 23.1 22.4 21.8 21.7 21.7
 21.2 20.6 20.6 20.8 21.2 22.5 21.3 19.3 18.9 19.1 20.9 43.0106.0 98.8 37.1 19.8
 19.2 19.6 18.6 18.1 18.1 18.5 18.9 19.4 19.7 19.7 20.0 20.1 19.2 19.3 19.3 19.2
 19.1 19.3 19.5 19.6 20.0 20.5 20.9 21.2 21.3 21.0 20.3 19.3 18.3 17.6 17.3 17.2
 17.3 17.5 17.2 17.0 17.2 17.9 18.5 18.6 18.3 18.0 18.4 19.3 20.2 20.9 21.7 22.6
 22.8 22.6 22.3 22.0 21.4 20.8 20.3 19.6 19.6 19.6 19.5 19.7 19.3 19.2 19.5 19.6
 19.3 20.6 22.2 21.0 20.0 19.3 19.0 18.9 18.6 18.2 17.9 17.8 18.0 18.0 17.9 18.4
 19.5 20.5 20.4 18.9 17.3 16.8 17.3 17.9 18.4 18.9 19.7 21.3 23.0 24.6 27.4 31.7
 36.7 42.6 51.3 70.1128.9214.2184.8103.3 69.1 56.5 49.0 44.1 40.3 35.8 31.3 28.8
 27.3 26.1 25.2 24.1 23.1 22.5 22.0 22.0 22.0 21.8 22.5 23.5 23.5 23.5 23.9 24.2
 24.0 23.1 21.6 19.8 18.5 18.0 17.5 17.5 17.4 17.5 18.3 19.2 20.1 20.5 20.4 20.5
 20.9 21.5 22.3 22.9 23.0 23.1 23.0 22.5 21.8 21.8 22.0 22.2 23.3 24.2 24.5 25.8
 27.0 27.7 28.1 28.3 28.0 28.2 30.0 27.5 23.1 21.4 20.8 20.8 20.8 20.4 20.4 25.3
 40.4 39.7 24.2 19.1 19.0 19.8 19.6 19.2 18.8 18.9 19.4 19.8 20.1 19.9 19.5 19.8
 19.2 19.3 19.3 19.2 19.1 19.2 19.5 19.6 20.1 20.6 21.1 21.3 21.1 20.9 20.6 19.7
 18.6 18.0 18.0 17.6 17.9 18.3 17.5 17.2 17.6 18.3 18.9 19.3 19.0 18.4 18.4 18.9
 19.8 20.8 21.8 22.7 22.8 22.6 22.2 21.9 21.5 21.4 21.5 21.2 20.8 21.1 20.9 20.5
 20.4 20.7 21.1 21.4 21.8 22.1 21.8 21.2 20.6 19.9 19.7 19.9 19.8 20.0 19.8 18.9
 18.1 17.4 17.3 17.8 18.1 18.0 18.0 18.5 19.4 20.0 19.7 19.0 19.1 19.8 20.5 21.9
 23.7 24.9 27.4 32.0 38.5 45.5 52.9 64.3 91.2135.4132.8 90.2 68.6 58.4 51.4 45.3
 39.1 35.1 32.9 30.7 29.1 28.0 27.1 26.7 25.3 23.4 21.9 21.2 21.2 21.4 21.6 21.5
 20.8 20.8 21.7 22.5 22.7 21.9 20.5 19.2 18.1 18.0 18.4 19.5 21.4 23.0 23.9 23.7
 22.7 21.8 21.3 21.1 20.9 21.2 21.9 22.3 22.0 21.7 21.3 21.0 21.2 21.9 22.1 22.3
 22.7 23.3 24.3 25.8 27.5 28.7 29.5 29.1 28.4 29.3 32.1 29.8 24.9 22.9 22.7 22.6
 22.4 22.2 21.7 21.8 23.1 23.4 21.3 20.0 20.0 20.6 20.1 19.5 19.1 19.1 19.5 19.9
 20.1 19.8 19.5 19.8 19.2 19.3 19.3 19.1 19.1 19.2 19.5 19.7 20.2 20.9 21.4 21.5
 21.0 20.6 20.4 19.9 19.0 18.4 18.6 18.0 17.7 17.9 17.8 18.1 18.6 19.2 19.5 19.2
 18.6 18.5 18.7 19.1 20.1 21.5 22.9 23.9 24.2 24.0 23.7 23.3 22.8 22.8 22.9 22.8
 21.9 21.3 21.2 21.1 21.3 21.6 21.9 22.2 22.9 23.7 24.0 24.0 23.6 22.8 21.9 20.8
 20.3 20.1 19.8 19.0 18.0 17.6 17.8 18.0 18.2 18.1 18.1 18.1 18.4 19.2 20.5 21.4
 22.0 23.1 24.2 25.3 26.5 27.8 30.5 36.2 42.3 48.7 57.8 71.6 91.3104.0 97.4 81.9
 69.0 59.8 54.1 49.0 44.3 40.4 38.2 40.7 42.6 36.5 31.2 28.7 27.4 26.5 25.9 24.8
 23.6 23.5 23.8 23.4 23.0 22.9 22.9 23.2 23.1 22.6 22.2 22.4 22.5 22.7 24.1 25.5
 25.5 25.1 24.1 22.6 21.6 21.3 21.3 21.7 21.8 21.9 21.8 21.9 22.2 22.2 22.0 21.9
 22.1 22.6 22.9 23.3 24.2 25.2 26.0 26.2 26.5 27.0 27.3 27.0 27.0 27.4 28.1 28.6
 27.5 25.7 24.5 24.0 23.7 23.6 23.4 22.9 22.7 22.6 22.2 21.6 21.3 21.2 20.5 19.8
 19.4 19.2 19.6 19.9 20.0 19.8 19.5 19.8 19.2 19.3 19.3 19.1 19.0 19.1 19.4 19.8
 20.4 21.0 21.3 21.3 20.7 20.2 20.1 20.3 20.0 19.2 18.6 18.1 18.0 18.3 18.5 18.9
 19.2 19.3 19.4 19.2 18.9 18.9 19.1 19.3 19.9 21.1 21.9 22.4 23.1 23.5 23.9 24.3
 24.6 25.2 25.8 25.8 26.2 26.6 25.8 24.1 23.0 22.7 22.7 23.3 24.4 25.5 26.3 26.9
 27.3 27.2 26.4 25.3 23.9 23.0 22.3 21.1 20.0 19.5 19.1 18.9 19.3 19.8 20.1 20.6
 21.6 22.8 23.9 24.6 25.4 26.3 27.6 29.1 31.4 34.5 37.9 42.9 49.4 56.7 63.6 71.0
 84.9104.8114.7 99.3 78.9 65.5 57.2 52.3 48.6 45.3 43.4 42.9 41.4 38.4 35.2 32.5
 31.0 30.3 29.8 28.8 26.7 24.7 23.9 23.4 22.6 22.6 23.4 24.8 26.2 26.8 26.9 26.9
 26.8 27.6 28.2 26.6 24.4 23.3 22.7 22.4 22.7 23.2 23.5 23.7 23.9 23.8 23.2 22.8
 22.7 22.7 22.5 22.1 22.2 23.1 23.9 24.6 25.5 26.3 27.1 27.5 28.0 27.9 27.4 27.0
 26.9 27.2 28.0 29.7 30.0 28.0 26.0 25.2 24.8 25.1 25.1 24.3 23.9 23.6 23.1 22.7
 22.4 21.8 20.6 19.9 19.5 19.4 19.7 19.9 20.0 19.8 19.5 19.8 19.2 19.2 19.3 19.1
 19.0 19.1 19.4 19.9 20.5 20.9 20.8 20.6 20.2 19.9 20.6 21.8 21.3 20.1 19.1 18.3
 18.0 18.1 18.4 18.7 18.9 18.7 18.4 18.8 19.3 19.3 19.5 19.9 20.3 20.9 21.6 22.3
 23.4 24.1 24.2 24.3 24.4 24.7 25.0 25.6 26.8 28.5 29.2 27.1 24.8 23.7 23.2 23.2
 23.5 24.1 25.0 26.1 27.0 26.6 26.6 27.3 28.1 28.3 27.3 25.7 24.8 24.9 25.2 24.9
 24.4 24.4 24.7 24.8 25.2 25.5 25.8 27.0 29.3 32.1 35.2 37.7 39.6 42.8 46.1 50.1
 56.5 65.6 76.9 90.5107.4129.9140.6117.6 90.6 76.0 66.4 57.5 50.2 46.5 46.0 46.5
 46.9 45.8 43.0 40.0 37.3 34.3 31.2 29.0 27.6 25.9 25.2 25.8 26.6 27.1 26.8 26.2
 26.9 28.8 31.2 32.8 33.4 33.9 33.1 30.4 26.8 23.9 23.3 23.6 23.6 23.7 23.9 24.0
 23.9 24.3 25.1 24.9 23.9 23.1 22.8 23.6 25.3 25.0 24.5 24.5 24.6 24.6 25.2 26.0
 25.8 25.6 25.9 26.3 26.3 26.5 27.4 28.8 29.6 29.2 28.0 26.8 25.9 26.1 26.1 25.3
 25.0 24.5 23.8 23.6 23.6 22.5 20.8 19.9 19.5 19.4 19.7 19.9 19.9 19.7 19.5 19.8
 19.2 19.2 19.2 19.1 19.0 19.1 19.4 19.9 20.7 20.8 20.3 20.0 19.9 19.9 21.0 22.3
 21.4 20.6 19.5 18.5 18.1 18.2 18.4 18.8 19.0 18.6 18.3 18.8 19.6 19.6 19.3 19.5
 20.1 20.6 21.0 21.7 22.9 23.3 23.2 23.4 23.8 24.3 24.4 24.5 25.1 25.6 25.6 25.5
 25.5 25.1 24.6 23.8 23.2 23.1 23.4 24.0 24.4 24.8 25.8 26.9 28.1 29.2 29.4 29.1
 28.7 28.8 29.6 29.7 28.7 27.8 27.3 26.9 27.3 28.5 30.1 32.1 33.9 35.2 36.5 37.5
 38.6 40.9 46.0 53.1 61.3 71.0 79.6 91.3112.6142.2154.8131.6101.4 82.1 73.0 66.4
 59.1 52.8 47.9 44.9 43.5 42.4 41.5 40.5 40.2 43.7 58.0 80.5 88.4 82.4 68.1 52.0
 45.1 39.6 34.2 31.4 31.9 34.0 37.0 39.8 40.0 37.4 34.4 31.1 28.3 27.0 26.5 26.1
 25.2 24.7 25.4 25.0 23.8 23.5 23.7 24.3 24.7 24.6 24.3 23.9 23.5 23.4 23.6 23.8
 23.7 23.6 23.7 24.1 24.5 24.8 25.0 25.0 24.7 24.7 25.8 27.1 28.2 29.1 28.5 27.1
 26.2 25.9 25.6 25.3 25.6 25.5 24.9 24.6 24.4 23.1 21.1 20.0 19.4 19.3 19.6 19.8
 19.9 19.7 19.5 19.7 19.2 19.2 19.2 19.0 18.9 19.0 19.4 19.9 20.9 20.9 20.3 20.1
 20.3 20.2 20.5 20.7 20.1 19.8 19.2 18.6 18.1 18.5 19.0 19.0 18.7 18.3 18.2 18.4
 19.0 19.5 19.9 20.0 20.2 20.9 23.1 25.2 23.8 22.7 22.7 23.0 23.4 24.0 24.3 24.3
 24.5 24.8 25.1 25.3 25.2 25.0 25.1 25.1 24.5 24.0 23.8 23.9 24.8 25.5 26.0 27.2
 28.7 29.7 29.9 29.9 30.5 31.3 32.0 32.3 31.5 30.9 30.4 29.2 27.7 27.9 30.5 33.2
 34.1 35.1 38.3 42.5 46.3 50.6 54.5 59.5 67.8 78.8 92.3110.0138.9199.8246.0203.3
140.6108.8 94.1 81.5 70.9 63.8 59.5 56.2 52.9 49.1 46.5 45.9 47.0 49.9 53.5 53.4
 49.8 48.5 48.9 47.8 45.7 42.2 38.2 35.9 34.9 36.3 39.6 39.9 37.8 36.9 35.3 32.5
 30.6 29.6 28.8 28.2 27.9 27.0 26.0 25.5 25.4 25.1 24.0 22.5 21.9 22.4 23.5 24.2
 24.1 23.5 23.3 23.4 23.0 22.8 23.2 23.8 24.2 24.3 24.5 24.8 24.9 24.7 24.7 25.4
 27.0 28.7 29.0 28.5 27.5 26.9 26.0 25.8 26.6 26.7 26.1 25.7 25.0 23.5 21.4 19.9
 19.2 19.2 19.6 19.7 19.7 19.7 19.5 19.7 19.2 19.2 19.6 19.6 19.5 19.6 19.7 20.2
 20.7 20.6 20.5 20.8 21.0 20.5 20.2 20.0 19.5 18.9 18.7 18.7 18.7 18.9 19.1 19.0
 18.6 18.7 18.7 19.0 19.5 20.5 21.3 20.9 20.3 20.9 23.1 24.7 23.1 22.2 22.4 22.8
 23.0 23.3 23.3 23.8 24.3 24.7 25.4 25.5 25.0 24.2 23.8 23.6 23.7 24.5 25.7 26.0
 25.9 26.0 26.4 27.5 29.5 31.5 32.7 33.9 35.6 36.7 36.5 35.8 34.6 32.9 32.1 32.0
 32.0 32.0 32.8 34.5 36.2 36.7 37.8 41.5 47.6 52.6 56.1 60.3 65.4 72.1 85.0107.1
135.9172.2192.5159.7125.2109.2 95.5 83.2 75.4 69.4 64.3 61.9 61.1 61.8 62.2 59.8
 54.3 47.7 42.6 41.0 40.7 40.5 39.8 39.0 38.8 38.5 37.0 36.1 37.1 39.0 40.9 41.7
 41.1 39.0 35.8 31.7 28.7 27.3 27.2 27.7 28.0 27.9 27.4 26.3 25.1 24.0 23.0 22.4
 22.1 22.3 22.3 22.6 23.1 22.9 22.6 22.7 23.0 23.5 23.6 23.4 23.5 23.8 24.1 24.1
 23.9 24.2 24.6 24.9 26.0 27.7 29.4 29.6 28.2 27.3 26.9 27.0 28.0 28.7 28.7 28.3
 26.9 24.9 22.4 20.3 19.4 19.3 19.2 19.0 19.0 19.2 19.7 19.9 19.2 19.3 19.7 19.8
 19.7 19.8 19.9 20.3 20.6 20.5 20.6 20.7 20.6 20.1 19.8 19.7 19.6 19.4 19.5 19.6
 19.5 19.2 18.8 18.2 17.8 18.3 19.1 19.8 20.0 19.9 19.8 20.1 20.8 21.8 21.8 21.0
 20.8 21.3 21.8 22.2 22.5 23.1 23.7 24.2 24.8 24.7 24.2 23.9 25.0 28.3 28.4 26.5
 25.7 25.5 26.3 27.2 27.5 27.7 27.8 28.3 29.3 30.7 32.3 34.1 35.7 37.6 37.9 36.5
 35.3 35.5 36.4 36.2 35.2 34.7 34.6 36.1 39.1 42.8 46.1 49.4 53.6 58.8 63.4 67.6
 73.2 81.8 94.2111.7147.7190.7196.8160.9119.4 93.9 81.8 75.9 71.7 65.7 60.3 57.5
 57.2 56.5 54.0 50.6 47.7 46.0 46.2 46.7 45.6 43.7 42.1 40.9 39.7 39.0 39.2 39.6
 40.3 40.6 40.4 39.5 38.3 37.2 35.5 33.5 31.7 29.9 28.9 27.8 26.2 25.5 24.9 24.4
 24.1 24.0 23.4 22.7 22.6 23.2 23.7 23.5 23.0 23.1 22.6 21.8 21.9 22.4 22.5 22.4
 23.2 24.2 24.2 23.5 22.9 22.9 23.4 24.1 24.9 26.2 28.1 29.0 28.2 27.3 27.0 27.6
 28.5 29.1 29.6 29.3 27.7 25.5 22.8 20.6 19.7 19.4 19.2 19.0 19.0 19.1 19.6 19.9
 19.2 19.3 19.8 19.9 19.8 20.0 20.1 20.4 20.6 20.5 20.6 20.6 20.2 19.9 19.8 20.0
 20.2 20.2 20.4 20.7 20.1 19.3 18.8 18.6 18.8 19.4 20.1 20.1 19.8 20.2 20.6 20.8
 20.6 20.5 20.3 20.3 20.5 20.7 20.9 20.9 20.9 21.4 21.8 22.2 22.8 23.7 24.4 24.7
 25.4 26.1 26.0 25.9 25.9 25.9 26.4 27.1 27.4 27.3 27.6 27.9 27.8 28.2 29.2 30.6
 31.9 33.7 35.2 35.9 37.1 39.2 41.5 43.5 44.1 43.5 43.7 45.8 49.3 52.7 54.7 56.4
 59.2 64.1 75.4 86.5 85.4 86.9 96.3110.1132.7168.3190.1164.9124.3100.4 89.2 84.1
 80.3 76.4 72.8 68.8 65.4 65.3 63.6 58.7 54.8 52.9 52.1 51.3 50.3 50.1 49.6 47.5
 44.1 40.2 36.6 34.5 34.3 34.8 35.8 36.7 36.7 36.4 36.3 35.0 32.9 31.0 28.8 27.3
 26.6 25.6 24.3 24.0 24.4 24.5 24.2 23.7 23.3 23.5 24.0 24.2 23.6 22.9 22.7 22.3
 22.6 22.7 22.3 22.1 22.3 23.0 23.4 23.2 22.9 22.9 23.1 23.8 24.6 25.7 27.1 27.8
 27.5 26.8 26.7 27.5 28.3 29.2 30.2 30.5 28.8 26.1 23.1 20.9 20.0 19.6 19.2 19.0
 19.0 19.1 19.6 19.8 19.2 19.3 19.8 20.0 20.0 20.1 20.3 20.7 20.7 20.6 20.6 20.5
 20.2 20.3 20.3 20.4 20.8 21.0 20.8 20.5 19.9 19.7 19.7 19.7 19.6 19.5 19.8 20.4
 20.8 21.2 21.0 20.9 20.7 19.9 19.7 20.2 20.5 20.5 20.4 20.3 20.0 20.1 20.7 21.8
 23.2 24.3 24.6 25.0 25.5 25.7 26.2 26.5 27.4 28.2 28.4 28.0 27.6 27.3 27.0 26.4
 26.2 26.4 26.7 27.1 28.1 29.5 31.7 34.1 35.5 36.6 39.3 42.3 45.0 47.7 50.9 54.8
 58.7 60.8 61.6 62.8 66.2 71.6 76.6 85.0 97.2110.0123.5144.2191.1275.3335.8288.0
202.6149.6126.9118.6109.1 99.3 89.8 81.5 75.9 70.6 66.4 65.1 66.9 66.5 62.4 59.6
 57.3 54.9 51.2 46.0 41.4 38.3 36.1 35.4 34.8 33.8 33.5 34.5 35.6 36.1 35.5 34.8
 33.7 31.6 29.7 29.1 28.9 28.4 27.3 26.2 25.5 25.3 25.2 24.7 24.2 24.2 24.4 24.1
 23.4 22.9 22.9 23.1 23.2 22.7 22.2 22.6 22.7 23.0 23.2 23.1 23.0 22.9 22.7 23.3
 24.2 25.4 26.8 27.7 27.7 26.8 26.6 27.3 28.0 29.1 30.8 31.4 29.6 26.5 23.2 21.0
 20.2 19.7 19.3 19.0 18.9 19.0 19.5 19.8 19.2 19.4 19.9 20.1 20.2 20.2 20.4 20.9
 20.9 20.5 20.6 20.6 20.6 21.0 21.0 20.7 20.9 21.1 20.8 20.3 20.2 20.3 20.1 20.1
 20.3 20.4 20.1 19.6 19.4 20.1 20.5 20.3 20.0 19.7 19.5 19.9 20.4 20.6 20.5 20.3
 20.0 19.9 20.3 21.3 22.6 23.8 24.5 25.3 26.1 26.7 28.0 29.8 30.6 30.8 30.6 30.2
 29.7 28.7 27.9 27.2 26.7 27.5 28.2 28.6 29.2 30.3 31.9 34.1 37.5 41.4 42.7 43.0
 44.6 46.8 48.4 48.3 48.9 52.7 59.3 67.7 74.7 79.1 83.6 89.9100.7116.9141.9179.3
238.2334.0390.5323.9233.0177.7150.5133.4121.2114.0108.1 99.8 88.4 78.9 72.2 68.6
 68.7 69.0 68.5 65.9 59.7 53.1 48.4 44.9 41.8 40.1 39.9 39.4 37.5 35.4 34.2 33.8
 34.3 34.5 33.8 32.6 32.4 32.5 32.2 31.5 30.7 29.6 28.3 28.1 28.5 28.1 27.0 26.2
 26.1 26.2 26.6 26.6 25.3 23.9 23.1 23.1 23.0 22.4 21.9 22.1 22.5 22.7 22.9 23.0
 22.9 22.6 23.0 23.5 23.8 24.6 26.2 27.6 27.9 27.1 26.9 27.3 28.0 29.4 31.5 32.1
 30.1 26.7 23.1 20.9 20.2 19.8 19.3 19.0 18.9 18.9 19.4 19.8 19.2 19.4 20.0 20.3
 20.3 20.3 20.6 21.1 21.0 20.5 20.7 20.8 21.0 21.4 21.2 20.4 20.3 20.7 21.0 20.8
 20.6 20.4 20.4 20.4 20.3 20.1 19.9 19.5 19.4 19.7 19.9 19.8 20.4 21.5 20.9 20.1
 20.4 20.5 20.3 20.4 20.8 21.1 21.2 22.2 23.1 23.5 24.1 24.7 25.3 26.4 27.4 28.2
 29.5 30.3 29.8 29.5 29.5 29.2 28.5 27.7 26.9 27.1 28.0 29.7 31.5 32.6 32.7 33.0
 34.0 35.9 38.6 40.2 40.8 42.2 44.9 47.5 52.5 62.2 74.0 83.8 90.3 96.2101.0106.2
111.7120.2134.6164.0224.7321.6380.3309.2218.7173.1152.2140.3128.6115.6100.7 86.1
 76.1 72.5 72.9 72.0 67.1 62.7 60.3 57.1 52.9 49.8 46.9 43.9 42.2 42.2 42.1 40.2
 37.7 36.4 36.1 36.0 35.6 34.9 33.8 32.9 32.9 32.8 31.7 30.6 29.9 28.6 27.5 27.5
 27.8 28.6 29.8 30.0 29.4 28.4 27.3 26.5 26.2 26.4 26.1 25.3 24.4 23.4 22.6 21.9
 22.3 23.5 23.5 22.8 22.4 22.9 23.8 24.0 23.8 24.6 26.1 27.1 27.2 27.4 27.7 28.1
 28.8 30.1 31.9 32.4 30.6 27.0 23.0 20.8 20.2 19.8 19.3 19.0 18.9 18.9 19.4 19.8
 19.2 19.4 20.0 20.4 20.4 20.3 20.6 21.2 21.1 20.6 20.8 21.1 21.0 21.0 20.5 20.2
 20.5 20.7 20.8 20.8 20.8 20.8 20.7 20.6 20.1 19.7 19.6 19.8 20.2 20.2 19.7 19.3
 19.2 19.3 19.7 20.4 21.2 21.9 21.5 21.2 21.2 21.9 22.7 23.7 24.0 24.1 24.8 25.0
 24.9 25.5 26.8 28.3 29.0 29.3 29.9 30.9 31.1 31.1 31.2 31.8 32.2 32.2 31.9 32.5
 33.4 34.3 35.0 35.6 36.2 36.8 37.2 38.1 39.6 41.1 43.3 46.5 51.1 58.0 64.2 68.3
 73.9 85.3100.6117.4135.3152.6174.4210.5261.0325.1353.9297.5225.8183.2158.3139.1
118.6101.0 90.4 83.6 78.5 74.6 70.0 65.5 61.3 57.9 54.5 51.4 48.0 45.9 45.3 44.7
 44.3 43.7 42.1 39.8 37.6 36.2 35.7 35.6 35.6 35.4 35.2 34.9 34.0 32.9 32.4 32.6
 32.4 30.7 29.2 28.8 29.0 29.1 29.0 28.4 27.7 27.3 27.0 26.2 25.3 25.2 25.8 26.0
 25.4 24.8 24.0 23.2 22.9 23.1 22.9 22.4 22.9 23.7 24.1 24.4 24.6 25.5 26.8 27.2
 27.3 27.8 28.3 29.0 29.8 31.0 32.2 32.4 30.9 27.2 23.0 20.7 20.3 19.8 19.2 19.0
 18.8 18.8 19.3 19.8 19.2 19.5 20.1 20.4 20.5 20.3 20.7 21.2 21.2 20.8 21.0 21.1
 20.9 20.5 20.1 20.5 20.9 20.7 20.6 20.9 21.4 22.2 21.4 20.2 19.8 19.8 20.4 20.9
 20.8 20.8 20.3 19.7 19.4 20.0 20.5 20.7 21.3 21.7 21.2 21.1 21.7 23.3 23.7 23.6
 24.0 24.8 25.7 26.1 26.3 26.5 27.1 28.3 29.4 29.9 30.0 30.9 32.3 33.7 34.9 35.1
 33.8 32.4 31.6 32.2 33.5 34.6 35.9 37.1 36.9 36.4 36.4 37.7 39.7 41.5 43.0 46.1
 51.6 56.3 59.3 64.9 74.6 85.7 96.2106.8117.8129.4145.4169.2210.1282.2336.6305.9
237.9182.6143.3115.1 96.5 85.0 79.4 77.7 76.2 71.8 66.2 60.5 55.1 51.1 49.5 48.8
 48.6 48.3 47.0 44.8 42.6 41.1 39.7 37.2 34.4 32.5 31.6 32.2 34.1 35.9 37.0 36.9
 36.1 35.2 34.2 34.1 33.4 32.6 32.3 31.5 30.3 29.2 29.0 28.9 29.2 29.3 28.6 28.2
 27.5 26.5 25.1 24.5 24.5 24.4 23.9 23.6 23.7 23.6 23.0 22.7 23.2 24.0 24.6 25.0
 25.3 26.2 27.3 27.3 27.5 28.2 28.6 29.0 30.0 31.5 32.5 32.4 30.9 27.2 22.9 20.7
 20.3 19.7 19.2 19.0 18.8 18.7 19.2 19.7 19.2 19.6 20.4 20.5 20.2 20.2 20.1 20.1
 20.8 21.0 20.9 20.9 20.9 20.9 21.0 21.1 21.1 21.0 20.8 20.8 21.2 22.3 22.1 21.2
 20.9 20.6 20.3 20.1 20.2 20.7 20.5 19.9 20.4 21.0 21.2 20.8 20.6 20.7 21.2 21.6
 22.3 22.9 23.1 23.6 24.4 25.3 26.1 26.8 27.4 27.7 27.9 28.8 29.9 30.5 30.9 31.5
 32.4 33.4 34.3 35.3 35.7 35.4 35.4 35.8 36.2 37.0 37.8 38.3 38.2 38.2 39.8 41.6
 41.3 41.8 44.9 49.9 56.8 65.5 72.2 73.6 73.3 77.1 83.7 91.5 99.3108.6120.2145.5
212.2321.6383.4316.3217.5160.3129.5110.0 96.5 88.6 84.7 80.1 74.9 69.7 64.7 61.0
 58.8 57.5 55.3 52.4 49.6 46.9 45.1 44.8 43.1 40.4 39.2 37.6 35.6 34.3 34.3 35.0
 34.8 34.7 36.2 38.7 40.1 40.1 38.7 36.9 35.5 34.4 33.4 32.7 31.9 30.6 29.6 29.9
 30.8 31.2 30.8 29.9 28.6 27.9 27.3 26.5 25.6 25.0 24.4 24.3 24.5 24.6 23.8 23.4
 24.1 24.9 25.1 25.1 25.3 26.3 27.0 27.4 28.6 29.3 29.8 29.8 30.4 32.3 33.3 32.2
 29.3 24.8 21.0 19.8 19.7 19.5 19.2 19.2 19.1 18.8 18.7 19.5 19.2 19.6 20.4 20.6
 20.3 20.3 20.1 20.0 20.6 21.0 21.1 20.9 20.7 21.3 21.7 21.3 21.0 20.7 20.7 20.8
 20.6 20.7 21.0 21.0 21.0 20.8 20.2 20.1 20.7 20.8 20.5 20.3 20.6 20.9 20.9 21.2
 21.6 21.6 21.9 22.9 23.6 23.4 23.7 24.2 25.1 25.9 26.6 27.9 29.1 29.9 30.1 30.0
 30.3 30.2 30.4 31.0 31.5 32.6 34.4 36.3 37.7 38.4 39.5 42.3 41.0 38.7 39.8 40.7
 40.6 41.1 42.0 42.5 42.8 44.0 46.6 49.6 54.1 60.2 66.8 71.1 73.9 80.0 89.0 97.5
103.9112.7128.6155.8209.2299.5389.5365.1249.7176.5140.4121.3110.4 98.8 87.1 79.0
 72.5 66.8 64.0 63.4 61.5 57.4 54.4 51.9 48.7 46.8 46.9 47.8 47.4 43.8 37.5 33.0
 32.0 33.4 35.1 35.4 35.0 35.8 36.8 36.9 36.4 35.7 34.4 33.3 32.9 33.1 33.2 32.7
 32.0 31.5 30.8 30.6 31.1 31.7 31.6 30.6 29.8 29.6 29.1 28.4 27.9 27.6 26.7 25.7
 24.9 24.9 27.0 28.5 27.3 26.8 26.5 26.2 26.0 26.4 27.0 27.4 27.9 29.4 30.8 30.9
 31.3 32.8 33.3 31.7 28.3 23.6 20.5 19.8 19.8 19.6 19.2 19.2 19.2 18.8 18.8 19.6
 19.2 19.6 20.4 20.6 20.4 20.5 20.2 20.1 20.6 21.1 21.2 20.7 20.5 21.5 22.0 21.3
 20.9 20.9 21.0 21.2 20.7 20.2 20.1 20.1 19.8 19.4 19.7 21.1 22.3 20.8 19.4 19.7
 20.5 20.5 20.4 20.2 20.0 20.3 21.2 22.5 23.5 24.2 23.9 24.0 25.2 26.0 26.8 28.3
 29.3 30.3 31.6 32.6 32.9 33.0 33.3 33.7 33.9 33.8 33.7 34.6 37.1 39.0 39.5 39.4
 39.2 39.2 39.8 40.3 41.0 42.9 45.5 47.1 47.5 46.8 46.4 46.8 50.6 57.4 63.8 70.1
 77.9 87.5 98.2107.7114.3123.4145.9184.5242.8335.5416.6383.3288.2218.0172.0137.1
111.5 94.9 84.4 77.2 69.8 63.4 59.9 58.3 57.0 55.7 54.8 55.2 56.0 55.3 51.2 44.9
 39.3 35.4 34.2 35.6 36.6 36.5 36.8 36.7 35.6 35.4 35.7 34.7 33.3 32.6 32.4 32.0
 31.7 32.3 32.8 32.5 31.0 29.0 28.3 29.1 30.1 30.2 30.0 29.5 29.1 29.3 28.9 28.6
 28.9 29.3 28.4 26.6 25.7 25.3 25.3 26.0 26.8 27.3 27.4 26.9 26.5 26.9 27.6 28.6
 29.6 31.1 32.2 32.0 32.2 33.3 33.1 30.9 26.9 22.4 20.3 20.1 20.2 19.9 19.4 19.3
 19.2 18.9 18.8 19.6 19.2 19.7 20.5 20.7 20.6 20.6 20.5 20.3 20.7 21.2 21.2 20.4
 20.2 21.1 21.6 21.0 21.1 21.7 21.7 21.1 20.3 20.3 20.4 20.2 19.8 19.6 19.7 20.3
 20.2 19.8 19.9 20.6 21.4 21.2 21.0 21.0 20.2 19.7 20.4 21.8 22.8 23.2 23.1 23.0
 23.4 23.7 25.0 26.7 28.2 29.5 30.1 30.6 31.8 33.2 35.2 36.8 37.6 38.2 38.2 37.6
 37.0 37.1 37.7 39.1 41.0 43.7 46.0 47.3 47.8 47.5 47.3 48.9 51.3 53.0 53.6 54.6
 57.4 61.0 65.3 70.3 77.5 86.5 97.6114.4130.8143.0159.9196.9316.7648.1887.5605.7
315.6210.6167.4137.9116.5104.6 95.4 86.3 80.3 76.9 74.0 70.4 65.2 60.2 56.5 54.1
 50.9 45.9 41.5 39.4 38.7 38.0 37.2 36.9 37.4 38.0 37.7 36.4 34.7 34.3 34.5 34.0
 33.6 33.6 33.2 32.2 31.3 30.3 28.8 27.1 26.2 26.1 26.3 27.4 29.0 30.1 30.3 29.3
 29.1 29.9 30.2 30.4 30.2 29.8 29.2 28.1 27.1 26.1 25.8 26.7 27.9 28.3 28.1 27.8
 28.7 30.1 30.6 31.1 32.3 33.6 33.7 33.1 33.4 33.8 32.8 29.7 25.2 21.3 20.3 20.7
 20.7 20.2 19.6 19.5 19.3 18.9 18.9 19.6
